0	1	sampleID	epoch
-9.853933	23.154093	AB0087-C	0
-9.019769	24.209373	AB0088-C	0
-9.805592	22.881115	AB0092-C	0
-10.028943	22.365688	AB0094-C	0
-10.04187	22.614016	AB0098-C	0
-9.198797	24.479177	AB0110-C	0
-9.45744	22.869352	AB0114-C	0
-9.254232	23.924072	AB0117-C	0
-9.54047	22.560244	AB0122-C	0
-10.069856	23.899294	AB0129-C	0
-9.318163	24.541847	AB0135-C	0
-9.701985	24.552662	AB0159-C	0
-9.886661	24.295057	AB0177-C	0
-9.342912	24.274998	AB0181-C	0
-9.721102	25.116322	AB0182-C	0
-9.504383	23.300772	AB0183-C	0
-9.248013	23.155117	AB0184-C	0
-9.042372	23.186617	AB0186-C	0
-10.078858	23.872452	AB0204-C	0
-9.476627	24.320189	AB0207-C	0
-9.4727125	23.881847	AB0224-C	0
-9.584949	24.144455	AB0229-C	0
-10.02428	23.989382	AB0239-C	0
-9.539396	23.684383	AB0240-C	0
-9.374226	23.427431	AB0241-C	0
-9.590988	23.767267	AB0243-C	0
-8.691836	24.151999	AB0244-C	0
-10.018789	23.962898	AB0256-C	0
-8.914995	23.397444	AB0272-C	0
-9.600575	24.125355	AC0091-C	0
-9.967856	24.721811	AC0093-C	0
-10.232194	25.412062	AC0094-C	0
-9.73114	23.483547	AC0098-C	0
-9.8591175	23.399607	AC0099-C	0
-9.861881	24.224794	AC0110-C	0
-9.597149	23.989822	AC0112-C	0
-9.427487	24.139364	AC0125-C	0
-9.643322	24.497787	AC0127-C	0
-9.489751	23.336168	AC0132-C	0
-10.045287	24.413847	AC0156-C	0
-9.502133	25.355793	AC0159-C	0
-9.8392315	25.384527	AC0160-C	0
-9.595119	23.814606	AC0168-C	0
-9.579762	23.500767	AC0171-C	0
-10.659589	23.861816	AC0178-C	0
-9.814229	25.890886	AC0189-C	0
-9.439896	23.057476	AC0192-C	0
-9.494738	24.422798	AC0193-C	0
-10.214442	24.160912	AC0194-C	0
-9.783314	24.255896	AC0197-C	0
-9.980602	24.260206	AJ0032-C	0
-9.9946785	25.227886	AJ0036-C	0
-9.714214	24.676632	AJ0043-C	0
-10.263062	24.398024	AJ0051-C	0
-9.644943	24.195047	AJ0070-C	0
-9.9218	25.22029	AJ0072-C	0
-9.600736	25.16677	AJ0081-C	0
-9.819	25.127129	AJ0090-C	0
-10.045359	25.37371	AJ0096-C	0
-10.096232	25.575779	AJ0100-C	0
-9.430626	21.028639	AK0069-C	0
-8.479927	21.938019	AK0070-C	0
-9.302481	21.785328	AK0085-C	0
-8.904359	24.430698	AK0092-C	0
-8.821665	21.85987	AK0096-C	0
-8.43995	21.874498	AK0098-C	0
-9.05292	23.41131	AK0104-C	0
-9.144654	22.340261	AK0109-C	0
-8.689649	23.281185	AK0116-C	0
-8.761807	23.584042	AN0010-C	0
-9.918477	24.89079	AN0016-C	0
-10.168391	23.958626	AN0023-C	0
-9.617931	24.486908	AN0025-C	0
-9.984946	22.568071	AN0031-C	0
-9.458396	23.786076	AN0033-C	0
-9.60838	23.306486	AN0036-C	0
-9.599096	25.01939	AN0038-C	0
-10.231767	24.77793	AN0039-C	0
-9.742322	23.728323	AN0054-C	0
-9.427401	23.717325	AN0056-C	0
-9.493905	22.817598	AN0060-C	0
-9.232764	24.252245	AN0068-C	0
-9.701886	25.400482	AN0069-C	0
-9.500819	23.83272	AN0073-C	0
-9.292914	23.250578	AN0076-C	0
-9.829191	24.147802	AN0089-C	0
-9.511353	24.478802	AN0091-C	0
-9.015984	24.460974	AN0101-C	0
-8.912582	23.827383	AN0111-C	0
-9.736482	24.54875	AN0123-C	0
-8.736027	23.650494	AN0124-C	0
-9.254083	23.950247	AN0136-C	0
-9.870851	24.376951	AN0137-C	0
-9.364557	22.74426	AN0140-C	0
-10.016776	24.880955	AN0167-C	0
-9.96394	23.576422	AN0169-C	0
-9.267206	22.988338	AN0177-C	0
-9.548081	23.810059	AN0178-C	0
-9.320804	23.03686	AN0183-C	0
-9.517758	24.17081	AN0186-C	0
-9.529017	23.38935	AN0188-C	0
-10.044318	22.746216	AN0204-C	0
-9.732748	24.39392	AN0206-C	0
-9.793655	25.596436	AN0210-C	0
-9.933145	23.834665	AN0223-C	0
-9.006986	24.630123	AN0231-C	0
-9.560239	24.400667	AN0240-C	0
-9.415007	23.67959	AN0241-C	0
-9.460745	23.447618	AN0242-C	0
-9.565873	23.727669	AN0244-C	0
-8.858061	24.173462	AN0253-C	0
-9.555513	24.15314	AN0256-C	0
-9.778574	23.56398	AN0262-C	0
-9.429473	22.93593	AN0268-C	0
-9.2234955	23.757696	AN0270-C	0
-9.59413	23.287682	AN0272-C	0
-9.901277	24.442976	AN0283-C	0
-9.91489	23.255457	AN0292-C	0
-9.770087	23.779175	AN0296-C	0
-9.138836	23.849276	AN0304-C	0
-9.240334	24.067043	AN0310-C	0
-9.719191	23.658083	AR0007-C	0
-9.605171	24.806223	AR0009-C	0
-9.730975	24.603613	AR0042-C	0
-9.894983	24.576086	AR0043-C	0
-10.30588	24.650114	AR0053-C	0
-9.58547	24.645939	AR0059-C	0
-9.922716	24.197172	AR0065-C	0
-9.653233	25.321928	AR0070-C	0
-9.469495	24.161322	AR0071-C	0
-9.398783	24.46394	AR0078-C	0
-9.704759	24.754194	AR0080-C	0
-9.624043	24.503538	AR0084-C	0
-9.768443	24.36716	AR0086-C	0
-10.20712	25.19593	AR0087-C	0
-10.102547	24.706991	AR0092-C	0
-9.832976	24.913267	AS0002-C	0
-9.591837	23.43456	AS0013-C	0
-9.5095005	25.20302	AS0019-C	0
-9.965326	24.54065	AS0024-C	0
-9.911047	23.950993	AS0030-C	0
-9.71994	25.473198	AS0032-C	0
-9.333294	23.543499	AS0035-C	0
-9.280791	24.154743	AS0053-C	0
-9.881536	23.42733	AS0065-C	0
-9.804791	23.468176	AV0001-C	0
-8.639397	24.572502	AV0004-C	0
-9.704548	24.731102	AV0009-C	0
-9.522977	23.958126	AV0012-C	0
-10.072801	23.739412	AV0015-C	0
-9.421965	23.01326	AV0029-C	0
-9.517615	24.594212	AV0033-C	0
-9.732087	24.373407	AV0039-C	0
-0.39029437	4.0219746	AB0087-C	10
-0.6241626	4.082942	AB0088-C	10
-0.634428	3.9211612	AB0092-C	10
-0.48611337	3.9809399	AB0094-C	10
-1.0429958	4.01245	AB0098-C	10
-0.3741029	4.109765	AB0110-C	10
-0.61631	4.026562	AB0114-C	10
-0.7632658	4.330028	AB0117-C	10
-0.658985	4.1049247	AB0122-C	10
-1.0285574	4.4514976	AB0129-C	10
-0.66213596	4.397248	AB0135-C	10
-1.1001793	4.267609	AB0159-C	10
-1.0133781	4.306506	AB0177-C	10
-0.56142545	4.004764	AB0181-C	10
-0.42916512	4.1120815	AB0182-C	10
-0.7096375	4.039231	AB0183-C	10
-0.97841954	4.03849	AB0184-C	10
-0.8314371	4.020338	AB0186-C	10
-0.14342865	4.0564995	AB0204-C	10
-0.58280957	4.350006	AB0207-C	10
-0.7136661	4.0359735	AB0224-C	10
-0.53845	4.0293436	AB0229-C	10
-0.2811806	4.337232	AB0239-C	10
-0.26049328	4.045205	AB0240-C	10
-1.0206362	4.376866	AB0241-C	10
-0.25412893	4.0099845	AB0243-C	10
-1.0710394	4.226728	AB0244-C	10
-0.74263287	4.2947335	AB0256-C	10
-0.5813322	4.177596	AB0272-C	10
-0.721109	4.359895	AC0091-C	10
-1.0047332	4.295103	AC0093-C	10
-1.0568709	4.373391	AC0094-C	10
-0.4635865	4.3084207	AC0098-C	10
-1.4811096	4.3551407	AC0099-C	10
-0.59304667	4.4030733	AC0110-C	10
-0.63929105	4.2341757	AC0112-C	10
-0.753052	4.3891473	AC0125-C	10
-0.5372247	4.308555	AC0127-C	10
-0.5582694	4.366164	AC0132-C	10
-0.80271894	4.400263	AC0156-C	10
-1.0359634	4.3616853	AC0159-C	10
-0.8331117	4.331325	AC0160-C	10
-0.56265235	4.3005257	AC0168-C	10
-0.35595855	4.4329233	AC0171-C	10
-0.79083383	4.314938	AC0178-C	10
-0.6591051	4.2981396	AC0189-C	10
-0.91679364	4.3232675	AC0192-C	10
-0.70114744	4.3384995	AC0193-C	10
-0.900314	4.3789387	AC0194-C	10
-1.4567137	4.3851433	AC0197-C	10
-0.6406578	3.7090597	AJ0032-C	10
-0.24134676	3.8332562	AJ0036-C	10
-0.5796802	3.8225727	AJ0043-C	10
-0.6193465	3.781136	AJ0051-C	10
-0.5751982	3.8345208	AJ0070-C	10
-0.28688085	3.7729745	AJ0072-C	10
-0.13063549	3.8739188	AJ0081-C	10
-0.4957688	3.8453777	AJ0090-C	10
-0.103208885	3.8062105	AJ0096-C	10
-0.21941519	3.7218568	AJ0100-C	10
-0.6780864	4.38328	AK0069-C	10
-0.31145132	4.804899	AK0070-C	10
-0.4452395	4.6462383	AK0085-C	10
-0.64508027	4.7697916	AK0092-C	10
-1.178644	5.0045786	AK0096-C	10
-0.7698196	4.981499	AK0098-C	10
-0.8124102	4.8616486	AK0104-C	10
-0.91663617	4.5310698	AK0109-C	10
-0.48410392	4.9262223	AK0116-C	10
-0.784615	4.3668995	AN0010-C	10
-1.0166297	4.376521	AN0016-C	10
-1.1146696	4.3132286	AN0023-C	10
-0.892012	4.32552	AN0025-C	10
-0.75226897	4.323607	AN0031-C	10
-0.8156451	4.4240556	AN0033-C	10
-0.99156827	4.3335586	AN0036-C	10
-1.2776469	4.292984	AN0038-C	10
-0.7980254	4.300196	AN0039-C	10
-0.72888184	4.1861367	AN0054-C	10
-0.3653616	4.383032	AN0056-C	10
-0.6507483	4.2663937	AN0060-C	10
-0.39872745	4.330023	AN0068-C	10
-0.9054139	4.324319	AN0069-C	10
-1.2485065	4.3314805	AN0073-C	10
-1.1090927	4.388556	AN0076-C	10
-0.8861147	4.3786283	AN0089-C	10
0.17776012	4.306483	AN0091-C	10
-1.0014625	4.3784795	AN0101-C	10
-1.0584636	4.431193	AN0111-C	10
-0.41399223	4.196358	AN0123-C	10
-0.44522575	4.3557415	AN0124-C	10
-0.41557184	4.2861648	AN0136-C	10
-1.3271842	4.2440143	AN0137-C	10
-0.9055218	4.4457674	AN0140-C	10
-0.7763745	4.4135666	AN0167-C	10
-1.5836473	4.277827	AN0169-C	10
-0.92148167	4.3472137	AN0177-C	10
-0.38680506	4.366547	AN0178-C	10
-0.8279352	4.305636	AN0183-C	10
-0.4805835	4.429854	AN0186-C	10
-0.933441	4.299167	AN0188-C	10
-0.6219595	4.1087356	AN0204-C	10
-0.9056497	4.2587905	AN0206-C	10
-0.9288646	4.394562	AN0210-C	10
-0.94984233	4.274984	AN0223-C	10
-0.9664198	4.343794	AN0231-C	10
-0.80483377	4.276908	AN0240-C	10
-1.1407504	4.2016816	AN0241-C	10
-1.4789585	4.3706937	AN0242-C	10
-0.81902766	4.237979	AN0244-C	10
-1.2669396	4.27361	AN0253-C	10
-1.3261173	4.3710837	AN0256-C	10
-0.8960858	4.3973703	AN0262-C	10
-0.15494198	4.290623	AN0268-C	10
-0.880924	4.2226734	AN0270-C	10
-0.7787724	4.348923	AN0272-C	10
-0.71020466	4.282252	AN0283-C	10
-0.78131413	4.422555	AN0292-C	10
-1.017211	4.343437	AN0296-C	10
-0.8296698	4.3953795	AN0304-C	10
-0.7538319	4.4216843	AN0310-C	10
-0.44207415	4.117785	AR0007-C	10
-0.16355103	4.202004	AR0009-C	10
-0.8857062	4.327472	AR0042-C	10
-0.6591029	4.222203	AR0043-C	10
-0.46480694	4.255135	AR0053-C	10
-0.10295603	4.2373714	AR0059-C	10
-0.72660756	4.270251	AR0065-C	10
-0.39596996	4.264811	AR0070-C	10
-0.022261858	4.132186	AR0071-C	10
-0.49214488	4.191421	AR0078-C	10
0.18860012	4.258497	AR0080-C	10
0.041191697	4.3330374	AR0084-C	10
-0.23741093	4.181591	AR0086-C	10
-0.93880033	4.298155	AR0087-C	10
-0.6871532	4.2579865	AR0092-C	10
-0.29654887	4.4195523	AS0002-C	10
-1.3351005	4.372795	AS0013-C	10
-0.5932503	4.443393	AS0019-C	10
-1.1908951	4.4407787	AS0024-C	10
-1.0571318	4.3722553	AS0030-C	10
-1.3336253	4.5288954	AS0032-C	10
-1.6256678	4.463028	AS0035-C	10
-0.7105892	4.3943605	AS0053-C	10
-0.91480356	4.482836	AS0065-C	10
-1.2824501	4.340957	AV0001-C	10
-0.8512206	4.364538	AV0004-C	10
-0.6086589	4.3138275	AV0009-C	10
-1.3764713	4.3736143	AV0012-C	10
-1.0745951	4.2945704	AV0015-C	10
-0.9137434	4.346943	AV0029-C	10
-0.9037371	4.530224	AV0033-C	10
-1.0353485	4.38837	AV0039-C	10
0.03566803	2.7073426	AB0087-C	20
0.09518738	2.6667466	AB0088-C	20
-0.030743673	2.7214365	AB0092-C	20
-0.23561409	2.6587586	AB0094-C	20
-0.15759592	2.6855056	AB0098-C	20
-0.25114632	2.701828	AB0110-C	20
0.16368535	2.700232	AB0114-C	20
-3.6271067	2.6241674	AB0117-C	20
-0.21316704	2.6534486	AB0122-C	20
-3.556864	2.650708	AB0129-C	20
-3.1487176	2.6607757	AB0135-C	20
-4.213694	2.6201265	AB0159-C	20
-3.7747688	2.6816535	AB0177-C	20
-0.3498823	2.6417806	AB0181-C	20
0.0204558	2.6521778	AB0182-C	20
0.20517886	2.6445386	AB0183-C	20
0.41896757	2.614586	AB0184-C	20
-0.092741415	2.6704247	AB0186-C	20
0.21777955	2.6898973	AB0204-C	20
-3.7252016	2.6722326	AB0207-C	20
0.28505263	2.6681511	AB0224-C	20
0.1976431	2.7315905	AB0229-C	20
-4.174638	2.5701458	AB0239-C	20
-0.030753778	2.7091694	AB0240-C	20
-3.477167	2.6120794	AB0241-C	20
-0.32476425	2.6828356	AB0243-C	20
-4.4159145	2.6428654	AB0244-C	20
-3.2020297	2.6382153	AB0256-C	20
-3.5496447	2.6138802	AB0272-C	20
-2.746973	2.5849397	AC0091-C	20
-3.3355749	2.6512928	AC0093-C	20
-3.2357578	2.6917353	AC0094-C	20
-3.466435	2.5837524	AC0098-C	20
-3.4637668	2.7136369	AC0099-C	20
-3.738376	2.6395032	AC0110-C	20
-4.055743	2.642517	AC0112-C	20
-3.8027642	2.6123822	AC0125-C	20
-3.7205334	2.6560123	AC0127-C	20
-3.084112	2.6925068	AC0132-C	20
-3.2205074	2.6770647	AC0156-C	20
-3.7628503	2.7201931	AC0159-C	20
-3.45364	2.6716774	AC0160-C	20
-4.018431	2.6086798	AC0168-C	20
-3.023405	2.6121325	AC0171-C	20
-3.1250174	2.6452146	AC0178-C	20
-2.7508209	2.7263474	AC0189-C	20
-3.276449	2.6065843	AC0192-C	20
-3.2245617	2.7016294	AC0193-C	20
-3.5214458	2.649969	AC0194-C	20
-3.3512497	2.7082672	AC0197-C	20
0.31074488	2.315927	AJ0032-C	20
-0.6369917	2.4168782	AJ0036-C	20
-0.59114766	2.3958275	AJ0043-C	20
0.02187717	2.3332794	AJ0051-C	20
-0.38169447	2.3617792	AJ0070-C	20
-0.19909427	2.3441856	AJ0072-C	20
0.08385153	2.4420345	AJ0081-C	20
0.0072014034	2.444081	AJ0090-C	20
-0.13479668	2.4287698	AJ0096-C	20
0.45282683	2.455538	AJ0100-C	20
11.370155	6.917324	AK0069-C	20
13.00857	7.6251984	AK0070-C	20
12.50893	7.407885	AK0085-C	20
11.990411	7.4036546	AK0092-C	20
13.056415	8.09475	AK0096-C	20
13.1956215	8.051548	AK0098-C	20
12.021662	7.625054	AK0104-C	20
11.483754	6.9386096	AK0109-C	20
11.719393	7.3706512	AK0116-C	20
-3.9835958	2.573214	AN0010-C	20
-4.6128545	2.6284318	AN0016-C	20
-3.5819209	2.6493535	AN0023-C	20
-3.5203788	2.603823	AN0025-C	20
-4.634273	2.6219947	AN0031-C	20
-3.709164	2.643919	AN0033-C	20
-3.5764363	2.5847595	AN0036-C	20
-3.8429685	2.6071491	AN0038-C	20
-3.8735578	2.6571534	AN0039-C	20
-3.1042712	2.6829202	AN0054-C	20
-3.6151342	2.7020571	AN0056-C	20
-3.820623	2.6338449	AN0060-C	20
-3.8509285	2.5927355	AN0068-C	20
-3.3764968	2.5898707	AN0069-C	20
-3.7131677	2.625971	AN0073-C	20
-3.2904024	2.6235533	AN0076-C	20
-3.96666	2.6422975	AN0089-C	20
-4.5608306	2.6178157	AN0091-C	20
-3.2459686	2.6432815	AN0101-C	20
-3.8479128	2.6570532	AN0111-C	20
-3.6728868	2.566148	AN0123-C	20
-4.2761564	2.6627734	AN0124-C	20
-4.3523726	2.6764674	AN0136-C	20
-3.8042142	2.6943572	AN0137-C	20
-3.225054	2.5880015	AN0140-C	20
-3.8614192	2.6573465	AN0167-C	20
-4.823307	2.5642595	AN0169-C	20
-3.9744484	2.6306946	AN0177-C	20
-3.902315	2.6434276	AN0178-C	20
-3.7823727	2.542253	AN0183-C	20
-3.549987	2.617112	AN0186-C	20
-4.4931192	2.6620839	AN0188-C	20
-3.2066913	2.6273983	AN0204-C	20
-3.72973	2.5458539	AN0206-C	20
-4.2767673	2.667017	AN0210-C	20
-3.25884	2.6013587	AN0223-C	20
-3.9315255	2.612175	AN0231-C	20
-3.8646042	2.6104295	AN0240-C	20
-4.1398873	2.612871	AN0241-C	20
-3.5057135	2.6782053	AN0242-C	20
-3.7437637	2.6865978	AN0244-C	20
-3.0829482	2.6367908	AN0253-C	20
-3.4352684	2.630594	AN0256-C	20
-3.0572758	2.6509793	AN0262-C	20
-4.0338583	2.6516266	AN0268-C	20
-4.2955465	2.6552992	AN0270-C	20
-3.5420375	2.6837213	AN0272-C	20
-4.1968184	2.6273053	AN0283-C	20
-4.29242	2.6214092	AN0292-C	20
-3.4355264	2.661852	AN0296-C	20
-3.4624293	2.6395776	AN0304-C	20
-4.2236567	2.706491	AN0310-C	20
6.0919995	4.1873655	AR0007-C	20
5.569619	4.124784	AR0009-C	20
6.5006847	4.3176084	AR0042-C	20
6.1546397	4.199003	AR0043-C	20
5.726258	4.036122	AR0053-C	20
5.499992	4.1266785	AR0059-C	20
5.274618	4.0133004	AR0065-C	20
5.259905	4.049471	AR0070-C	20
4.75135	3.9692814	AR0071-C	20
5.0094323	4.0174117	AR0078-C	20
5.354577	4.131858	AR0080-C	20
6.060592	4.3028893	AR0084-C	20
5.5751944	4.073448	AR0086-C	20
5.2102256	4.045244	AR0087-C	20
6.1761136	4.250601	AR0092-C	20
-3.0654511	2.6356165	AS0002-C	20
-2.6799495	2.7155073	AS0013-C	20
-3.3156948	2.7528472	AS0019-C	20
-2.9990215	2.7956202	AS0024-C	20
-3.8712854	2.7170806	AS0030-C	20
-2.8977158	2.7400894	AS0032-C	20
-3.6038632	2.7215946	AS0035-C	20
-3.4796333	2.7424817	AS0053-C	20
-2.0946765	2.7420022	AS0065-C	20
-3.9521863	2.6018584	AV0001-C	20
-3.3248322	2.671917	AV0004-C	20
-3.3981447	2.6539094	AV0009-C	20
-3.5955734	2.653364	AV0012-C	20
-3.6807253	2.6192381	AV0015-C	20
-3.7915003	2.608512	AV0029-C	20
-3.6386523	2.616004	AV0033-C	20
-3.2441072	2.68728	AV0039-C	20
1.3208756	1.6213723	AB0087-C	30
1.2439096	1.6379248	AB0088-C	30
1.2527496	1.612287	AB0092-C	30
1.1973171	1.6906575	AB0094-C	30
1.1984818	1.6322095	AB0098-C	30
1.2658042	1.6297342	AB0110-C	30
1.2420616	1.6402792	AB0114-C	30
-1.7907639	2.0351913	AB0117-C	30
1.2461147	1.6428496	AB0122-C	30
-1.8726258	2.0807545	AB0129-C	30
-1.6449466	2.0094266	AB0135-C	30
-1.8068935	1.9975566	AB0159-C	30
-1.8723074	1.984345	AB0177-C	30
1.1511564	1.6267347	AB0181-C	30
1.245008	1.682437	AB0182-C	30
1.1875024	1.6447412	AB0183-C	30
1.2644575	1.5909377	AB0184-C	30
1.267854	1.6327466	AB0186-C	30
1.2778728	1.6732377	AB0204-C	30
-2.3272576	2.0254242	AB0207-C	30
1.2164332	1.6509805	AB0224-C	30
1.2391385	1.6385171	AB0229-C	30
-1.9279493	2.0542083	AB0239-C	30
1.2454839	1.596292	AB0240-C	30
-1.8548048	2.0095234	AB0241-C	30
1.2116445	1.6474826	AB0243-C	30
-1.8371872	2.0077899	AB0244-C	30
-1.7864795	1.9663697	AB0256-C	30
-2.0278285	2.1214094	AB0272-C	30
-1.5269822	1.9683634	AC0091-C	30
-1.6398582	1.9992609	AC0093-C	30
-1.6416986	2.0205684	AC0094-C	30
-1.808656	1.9785675	AC0098-C	30
-1.8032539	1.9792835	AC0099-C	30
-1.9017965	2.0175076	AC0110-C	30
-1.8314018	2.0199296	AC0112-C	30
-1.8625793	2.0145164	AC0125-C	30
-1.9500283	1.9634277	AC0127-C	30
-1.6572682	2.0144403	AC0132-C	30
-1.8241272	2.0291271	AC0156-C	30
-1.8898376	1.9850721	AC0159-C	30
-2.0490963	2.0744164	AC0160-C	30
-1.8971425	2.0444522	AC0168-C	30
-1.7992685	2.0186546	AC0171-C	30
-1.9350923	2.0436802	AC0178-C	30
-1.7397716	1.9692342	AC0189-C	30
-1.7051082	1.992455	AC0192-C	30
-1.9298444	2.0431056	AC0193-C	30
-2.037119	2.0117185	AC0194-C	30
-1.9006754	2.0298429	AC0197-C	30
1.0909795	1.466289	AJ0032-C	30
0.8911869	1.4291492	AJ0036-C	30
0.9564679	1.4124787	AJ0043-C	30
1.0449129	1.3941592	AJ0051-C	30
0.998414	1.3820223	AJ0070-C	30
1.1114742	1.4147305	AJ0072-C	30
1.1232314	1.4394273	AJ0081-C	30
1.0039105	1.3524784	AJ0090-C	30
1.084939	1.4273323	AJ0096-C	30
1.0290203	1.4105289	AJ0100-C	30
8.468011	10.678879	AK0069-C	30
7.8096466	12.6052265	AK0070-C	30
7.4738984	12.676572	AK0085-C	30
7.8332486	12.757669	AK0092-C	30
7.627291	14.368165	AK0096-C	30
7.721058	14.162122	AK0098-C	30
7.3207045	13.689878	AK0104-C	30
7.3062897	11.998737	AK0109-C	30
6.9079256	13.28608	AK0116-C	30
-2.6812608	2.0137846	AN0010-C	30
-1.9164114	2.0098512	AN0016-C	30
-2.0660617	1.9771067	AN0023-C	30
-1.844106	2.0157104	AN0025-C	30
-2.0407336	2.0088823	AN0031-C	30
-1.7586051	1.931374	AN0033-C	30
-1.7363305	1.9373095	AN0036-C	30
-1.7126219	1.9552666	AN0038-C	30
-1.6766351	1.9611081	AN0039-C	30
-1.6746347	2.0156493	AN0054-C	30
-1.9595101	2.0472703	AN0056-C	30
-2.0346906	1.998759	AN0060-C	30
-1.8289068	2.0073214	AN0068-C	30
-1.7375243	1.9617162	AN0069-C	30
-1.9409401	1.9742454	AN0073-C	30
-1.6346489	2.0080426	AN0076-C	30
-2.064642	2.068411	AN0089-C	30
-1.7694011	2.0129893	AN0091-C	30
-1.8677882	2.0391893	AN0101-C	30
-1.8001574	2.002887	AN0111-C	30
-1.662394	1.9943353	AN0123-C	30
-2.1592307	2.0280392	AN0124-C	30
-1.976958	2.0390615	AN0136-C	30
-1.9318966	2.0177445	AN0137-C	30
-1.6467745	2.0858185	AN0140-C	30
-2.0024993	2.0083025	AN0167-C	30
-2.0798426	2.0269852	AN0169-C	30
-2.5662165	2.0393603	AN0177-C	30
-2.1246579	2.0871358	AN0178-C	30
-1.6890242	1.8883464	AN0183-C	30
-1.8510197	2.0449414	AN0186-C	30
-2.4967487	2.0691323	AN0188-C	30
-1.6889317	2.0129538	AN0204-C	30
-1.9144962	1.9444739	AN0206-C	30
-2.0020168	2.0440087	AN0210-C	30
-1.8290917	1.9878885	AN0223-C	30
-1.5643052	1.8543267	AN0231-C	30
-1.8405569	2.029065	AN0240-C	30
-1.9222547	1.958863	AN0241-C	30
-2.0092392	2.023812	AN0242-C	30
-1.7803184	1.9842641	AN0244-C	30
-1.7402599	2.0298102	AN0253-C	30
-1.8065201	2.07922	AN0256-C	30
-2.1109776	2.031626	AN0262-C	30
-2.0905044	2.057308	AN0268-C	30
-2.3308165	2.083921	AN0270-C	30
-1.756524	1.99653	AN0272-C	30
-1.9070114	2.046	AN0283-C	30
-1.7039326	1.9711577	AN0292-C	30
-2.0691545	2.05195	AN0296-C	30
-1.785351	1.9870472	AN0304-C	30
-2.1940773	2.0601554	AN0310-C	30
8.31182	3.1504612	AR0007-C	30
8.242006	3.088649	AR0009-C	30
8.327822	3.0736816	AR0042-C	30
8.472881	3.1655717	AR0043-C	30
8.338491	3.1382372	AR0053-C	30
8.159726	3.139564	AR0059-C	30
8.0434265	3.0572376	AR0065-C	30
8.027848	3.0361676	AR0070-C	30
8.1064825	3.0781896	AR0071-C	30
8.251144	3.0920873	AR0078-C	30
8.245451	3.0781863	AR0080-C	30
8.435262	3.2320714	AR0084-C	30
8.160285	3.0643415	AR0086-C	30
8.009362	3.0346184	AR0087-C	30
8.355451	3.1459475	AR0092-C	30
-3.2189276	2.1730783	AS0002-C	30
-2.8945293	2.1759562	AS0013-C	30
-3.9195967	2.233253	AS0019-C	30
-3.9323604	2.2348893	AS0024-C	30
-3.6560931	2.18923	AS0030-C	30
-3.442832	2.185974	AS0032-C	30
-3.517581	2.1651714	AS0035-C	30
-3.4832	2.164738	AS0053-C	30
-3.2060103	2.1451898	AS0065-C	30
-1.4975302	1.9940857	AV0001-C	30
-1.7545676	1.9968446	AV0004-C	30
-1.7668363	1.991451	AV0009-C	30
-1.7858479	1.9892491	AV0012-C	30
-1.7761238	1.984371	AV0015-C	30
-1.8095998	1.9484445	AV0029-C	30
-1.9924701	2.0273955	AV0033-C	30
-1.8247825	2.0031688	AV0039-C	30
1.6448913	1.7311054	AB0087-C	40
1.5418377	1.7441779	AB0088-C	40
1.4583628	1.7526169	AB0092-C	40
1.5057356	1.7464558	AB0094-C	40
1.5301905	1.7468436	AB0098-C	40
1.5740367	1.7568192	AB0110-C	40
1.5506415	1.7419	AB0114-C	40
-0.7940902	1.7778666	AB0117-C	40
1.5047123	1.7365869	AB0122-C	40
-0.8743542	1.7778012	AB0129-C	40
-0.744522	1.7384989	AB0135-C	40
-0.78054076	1.786202	AB0159-C	40
-0.8426968	1.7988055	AB0177-C	40
1.5503521	1.7305167	AB0181-C	40
1.6075242	1.7457306	AB0182-C	40
1.5813838	1.7300866	AB0183-C	40
1.5366765	1.7291026	AB0184-C	40
1.5560849	1.7364595	AB0186-C	40
1.5676371	1.7676941	AB0204-C	40
-0.816122	1.7663617	AB0207-C	40
1.5811586	1.7591059	AB0224-C	40
1.5560744	1.750807	AB0229-C	40
-0.83628505	1.7785877	AB0239-C	40
1.6160691	1.7271968	AB0240-C	40
-0.8175806	1.8256601	AB0241-C	40
1.5442247	1.747782	AB0243-C	40
-0.8661264	1.7512094	AB0244-C	40
-0.81722647	1.7562088	AB0256-C	40
-0.87258875	1.7587184	AB0272-C	40
-0.8344507	1.8109131	AC0091-C	40
-0.77998203	1.8243967	AC0093-C	40
-0.9110857	1.7677116	AC0094-C	40
-0.8245278	1.7543316	AC0098-C	40
-0.82157433	1.7556963	AC0099-C	40
-0.86664647	1.7731441	AC0110-C	40
-0.8461518	1.8057991	AC0112-C	40
-0.8945105	1.7880602	AC0125-C	40
-0.9558577	1.7482523	AC0127-C	40
-0.88156307	1.78942	AC0132-C	40
-0.8455369	1.828742	AC0156-C	40
-0.85218376	1.7338208	AC0159-C	40
-0.9146788	1.7695454	AC0160-C	40
-0.9151694	1.7980984	AC0168-C	40
-0.8414996	1.7979288	AC0171-C	40
-0.73943746	1.8164147	AC0178-C	40
-0.9023337	1.8284947	AC0189-C	40
-0.8067505	1.826249	AC0192-C	40
-0.89937204	1.7751527	AC0193-C	40
-0.87160003	1.8365908	AC0194-C	40
-0.93987584	1.8218215	AC0197-C	40
0.9066884	1.51622	AJ0032-C	40
0.7478371	1.5752282	AJ0036-C	40
0.8646587	1.5106094	AJ0043-C	40
0.80013907	1.5452075	AJ0051-C	40
0.7435289	1.5548911	AJ0070-C	40
0.8579591	1.5614147	AJ0072-C	40
0.8254805	1.5514433	AJ0081-C	40
0.7525776	1.5890156	AJ0090-C	40
0.8769723	1.5592989	AJ0096-C	40
0.9119131	1.56827	AJ0100-C	40
5.975341	6.2525992	AK0069-C	40
4.3050647	8.963935	AK0070-C	40
3.996749	9.13483	AK0085-C	40
4.200512	8.650427	AK0092-C	40
3.7320414	11.072254	AK0096-C	40
4.2082067	10.04839	AK0098-C	40
3.769672	10.319539	AK0104-C	40
4.5900035	7.234516	AK0109-C	40
3.3300793	11.146957	AK0116-C	40
-1.2126594	1.6965724	AN0010-C	40
-0.8858036	1.7333138	AN0016-C	40
-0.9101118	1.756625	AN0023-C	40
-0.8475157	1.8089025	AN0025-C	40
-0.88550925	1.7737483	AN0031-C	40
-0.8575492	1.7880664	AN0033-C	40
-0.76428264	1.7553369	AN0036-C	40
-0.88140506	1.8525374	AN0038-C	40
-0.8022745	1.8141391	AN0039-C	40
-0.8385038	1.8047024	AN0054-C	40
-0.93087906	1.7908704	AN0056-C	40
-0.8139374	1.7935193	AN0060-C	40
-0.891916	1.7625926	AN0068-C	40
-0.80061644	1.8026505	AN0069-C	40
-0.8907557	1.7942147	AN0073-C	40
-0.8143473	1.7867059	AN0076-C	40
-0.8681787	1.7323357	AN0089-C	40
-0.8334998	1.7747396	AN0091-C	40
-0.98698765	1.8139741	AN0101-C	40
-0.78953546	1.7647513	AN0111-C	40
-0.87825847	1.7273662	AN0123-C	40
-0.90761364	1.7460651	AN0124-C	40
-0.9245645	1.7206997	AN0136-C	40
-0.92842424	1.754213	AN0137-C	40
-0.95448464	1.720476	AN0140-C	40
-0.99091816	1.8227168	AN0167-C	40
-0.9645019	1.7497789	AN0169-C	40
-1.4016008	1.7178104	AN0177-C	40
-1.0049933	1.7820688	AN0178-C	40
-0.79127157	1.722671	AN0183-C	40
-0.8606862	1.7572762	AN0186-C	40
-1.147037	1.8015649	AN0188-C	40
-0.89509267	1.7544043	AN0204-C	40
-0.9236011	1.7199048	AN0206-C	40
-0.9651883	1.7342439	AN0210-C	40
-0.8770613	1.8199115	AN0223-C	40
-0.80364907	1.8193465	AN0231-C	40
-0.8979574	1.765581	AN0240-C	40
-0.8842593	1.7532206	AN0241-C	40
-0.9133426	1.7250923	AN0242-C	40
-0.79758483	1.7412779	AN0244-C	40
-0.8340724	1.7514282	AN0253-C	40
-0.74229425	1.8103746	AN0256-C	40
-0.83468205	1.7512736	AN0262-C	40
-0.9631039	1.7851369	AN0268-C	40
-0.96565944	1.790679	AN0270-C	40
-0.82990646	1.7426082	AN0272-C	40
-0.8344487	1.7942472	AN0283-C	40
-0.96650463	1.7893629	AN0292-C	40
-0.89407814	1.8113476	AN0296-C	40
-0.9538161	1.7857312	AN0304-C	40
-1.2429898	1.7730643	AN0310-C	40
6.3548746	1.6026742	AR0007-C	40
6.295454	1.6003602	AR0009-C	40
6.479602	1.6357251	AR0042-C	40
6.4062276	1.59221	AR0043-C	40
6.217917	1.6022117	AR0053-C	40
6.315669	1.6249223	AR0059-C	40
6.2574644	1.586505	AR0065-C	40
6.1382313	1.594441	AR0070-C	40
6.1029606	1.5918703	AR0071-C	40
6.183461	1.5677987	AR0078-C	40
6.078534	1.5915099	AR0080-C	40
6.337641	1.6111604	AR0084-C	40
6.2663827	1.6024116	AR0086-C	40
6.1112156	1.5778638	AR0087-C	40
6.3683944	1.5968224	AR0092-C	40
-6.009144	2.172032	AS0002-C	40
-6.274639	2.2110353	AS0013-C	40
-6.522359	2.3024166	AS0019-C	40
-8.466477	2.820949	AS0024-C	40
-7.9228764	2.6809134	AS0030-C	40
-6.9322934	2.3878262	AS0032-C	40
-6.6575794	2.3617442	AS0035-C	40
-6.441981	2.2201848	AS0053-C	40
-7.517437	2.5356722	AS0065-C	40
-0.84250206	1.7909914	AV0001-C	40
-0.83489263	1.7947124	AV0004-C	40
-0.8345604	1.7684405	AV0009-C	40
-0.78551036	1.8177329	AV0012-C	40
-0.8012581	1.7981354	AV0015-C	40
-0.8892381	1.8358545	AV0029-C	40
-0.83537483	1.8259268	AV0033-C	40
-0.80174285	1.7595127	AV0039-C	40
2.148703	1.4074878	AB0087-C	50
2.1766953	1.4277172	AB0088-C	50
2.052679	1.4307991	AB0092-C	50
2.0595105	1.459857	AB0094-C	50
2.0446942	1.4816785	AB0098-C	50
2.1341732	1.4442773	AB0110-C	50
2.126417	1.4655027	AB0114-C	50
-0.7088777	1.6740842	AB0117-C	50
2.1346402	1.4969983	AB0122-C	50
-0.7188134	1.6406955	AB0129-C	50
-0.6816421	1.7014002	AB0135-C	50
-0.7632116	1.6698943	AB0159-C	50
-0.62453866	1.6480405	AB0177-C	50
2.0768814	1.4686776	AB0181-C	50
2.193554	1.4635155	AB0182-C	50
2.221413	1.3825113	AB0183-C	50
2.0057075	1.4731666	AB0184-C	50
2.0667295	1.4294695	AB0186-C	50
2.1870613	1.4073852	AB0204-C	50
-0.6175851	1.7207469	AB0207-C	50
2.1714094	1.4101995	AB0224-C	50
2.0983398	1.4737253	AB0229-C	50
-0.6819414	1.6927724	AB0239-C	50
2.2373688	1.4132056	AB0240-C	50
-0.6984229	1.6733571	AB0241-C	50
2.2104082	1.4170499	AB0243-C	50
-0.6886708	1.6607708	AB0244-C	50
-0.6953545	1.6887279	AB0256-C	50
-0.7030713	1.6591353	AB0272-C	50
-0.7134448	1.6721917	AC0091-C	50
-0.67852694	1.6711454	AC0093-C	50
-0.67280924	1.684727	AC0094-C	50
-0.6923378	1.6580635	AC0098-C	50
-0.6717361	1.6863647	AC0099-C	50
-0.6958469	1.6751227	AC0110-C	50
-0.6827963	1.6956787	AC0112-C	50
-0.6920306	1.6977981	AC0125-C	50
-0.6815568	1.6985631	AC0127-C	50
-0.65067613	1.698923	AC0132-C	50
-0.70846564	1.6892004	AC0156-C	50
-0.69698524	1.6809452	AC0159-C	50
-0.6606065	1.7205801	AC0160-C	50
-0.7169787	1.6965094	AC0168-C	50
-0.63347155	1.6984138	AC0171-C	50
-0.700875	1.6911056	AC0178-C	50
-0.67624265	1.7312282	AC0189-C	50
-0.6340395	1.7344139	AC0192-C	50
-0.71019405	1.6951191	AC0193-C	50
-0.71093476	1.7166724	AC0194-C	50
-0.7068066	1.7001427	AC0197-C	50
1.0869988	1.8010973	AJ0032-C	50
0.6917609	1.8183978	AJ0036-C	50
0.93297654	1.8101718	AJ0043-C	50
0.90242445	1.8096795	AJ0051-C	50
0.770012	1.7993066	AJ0070-C	50
1.0141151	1.7680519	AJ0072-C	50
1.0867254	1.7832658	AJ0081-C	50
0.8375602	1.8469062	AJ0090-C	50
0.9945543	1.8305253	AJ0096-C	50
1.0361125	1.8132275	AJ0100-C	50
7.898974	6.580403	AK0069-C	50
5.2861056	8.233426	AK0070-C	50
3.5753033	10.387032	AK0085-C	50
4.2028556	8.80098	AK0092-C	50
4.9878454	9.577004	AK0096-C	50
6.7362857	8.689917	AK0098-C	50
4.0403852	9.904632	AK0104-C	50
6.265658	6.6196613	AK0109-C	50
2.7933257	11.714971	AK0116-C	50
-1.2106221	1.4842415	AN0010-C	50
-0.72363716	1.6706557	AN0016-C	50
-0.70635486	1.6830294	AN0023-C	50
-0.7155821	1.6303523	AN0025-C	50
-0.6726429	1.6798149	AN0031-C	50
-0.76884604	1.6586689	AN0033-C	50
-0.6816458	1.6299915	AN0036-C	50
-0.7179125	1.6429694	AN0038-C	50
-0.6373355	1.6621178	AN0039-C	50
-0.70348537	1.6069454	AN0054-C	50
-0.7606986	1.6486831	AN0056-C	50
-0.7147996	1.6183571	AN0060-C	50
-0.70114106	1.6271323	AN0068-C	50
-0.69430155	1.6836908	AN0069-C	50
-0.7222128	1.641756	AN0073-C	50
-0.6850265	1.6996849	AN0076-C	50
-0.75128245	1.6596309	AN0089-C	50
-0.6759436	1.6603224	AN0091-C	50
-0.7844317	1.6362948	AN0101-C	50
-0.7010743	1.6771818	AN0111-C	50
-0.6383064	1.6771897	AN0123-C	50
-0.7099498	1.6523358	AN0124-C	50
-0.730709	1.6728615	AN0136-C	50
-0.7907307	1.6003041	AN0137-C	50
-0.8714956	1.6248016	AN0140-C	50
-0.72646964	1.7006303	AN0167-C	50
-0.8733864	1.5846101	AN0169-C	50
-1.4464294	1.3526782	AN0177-C	50
-0.83375347	1.6357516	AN0178-C	50
-0.65051484	1.6364985	AN0183-C	50
-0.7232048	1.6745003	AN0186-C	50
-0.9744261	1.5188866	AN0188-C	50
-0.8118885	1.639	AN0204-C	50
-0.697176	1.6518104	AN0206-C	50
-0.7227795	1.6578835	AN0210-C	50
-0.7460011	1.6448995	AN0223-C	50
-0.7122299	1.6281759	AN0231-C	50
-0.7879063	1.5716974	AN0240-C	50
-0.7064374	1.7156433	AN0241-C	50
-0.71459484	1.6264453	AN0242-C	50
-0.6581548	1.6884034	AN0244-C	50
-0.6932336	1.6176813	AN0253-C	50
-0.647557	1.6901038	AN0256-C	50
-0.76267713	1.6758109	AN0262-C	50
-0.7426318	1.6260879	AN0268-C	50
-0.7619365	1.5979596	AN0270-C	50
-0.68140477	1.6980966	AN0272-C	50
-0.70059025	1.6957581	AN0283-C	50
-0.6676119	1.6751595	AN0292-C	50
-0.75427866	1.6390611	AN0296-C	50
-0.78578514	1.6101515	AN0304-C	50
-1.0485144	1.5570973	AN0310-C	50
6.7053804	0.46473962	AR0007-C	50
6.668292	0.3928356	AR0009-C	50
6.451988	0.32851958	AR0042-C	50
6.7817264	0.41369104	AR0043-C	50
6.577234	0.39969978	AR0053-C	50
6.6568084	0.37782872	AR0059-C	50
6.5527396	0.42751592	AR0065-C	50
6.3594775	0.3894866	AR0070-C	50
6.5232234	0.45490384	AR0071-C	50
6.49963	0.37597853	AR0078-C	50
6.6252604	0.35032776	AR0080-C	50
6.889182	0.37913167	AR0084-C	50
6.5223026	0.52931744	AR0086-C	50
6.560384	0.36164045	AR0087-C	50
6.7323003	0.4229807	AR0092-C	50
-5.5587273	1.4643168	AS0002-C	50
-5.8334007	1.4720916	AS0013-C	50
-5.8819704	1.573298	AS0019-C	50
-7.6536493	1.9561219	AS0024-C	50
-7.3030105	1.8078908	AS0030-C	50
-6.375991	1.6274446	AS0032-C	50
-6.149467	1.5860473	AS0035-C	50
-5.7416425	1.4774595	AS0053-C	50
-6.992068	1.7447169	AS0065-C	50
-0.70054895	1.66429	AV0001-C	50
-0.68584305	1.6709577	AV0004-C	50
-0.7095785	1.6561267	AV0009-C	50
-0.6547236	1.6935493	AV0012-C	50
-0.69390583	1.6472772	AV0015-C	50
-0.6920066	1.6747344	AV0029-C	50
-0.7282146	1.6494758	AV0033-C	50
-0.6823436	1.6833858	AV0039-C	50
2.2520146	1.195818	AB0087-C	60
2.2260573	1.1851228	AB0088-C	60
2.1435113	1.1728933	AB0092-C	60
2.1697938	1.1696324	AB0094-C	60
2.1759715	1.2165428	AB0098-C	60
2.307315	1.1814338	AB0110-C	60
2.2052014	1.2438865	AB0114-C	60
-0.8809161	1.3856845	AB0117-C	60
2.223376	1.1903232	AB0122-C	60
-1.0478468	1.3487084	AB0129-C	60
-0.9641103	1.4092492	AB0135-C	60
-1.0576522	1.3686846	AB0159-C	60
-0.9515505	1.4625684	AB0177-C	60
2.2202737	1.1881212	AB0181-C	60
2.2996848	1.1534936	AB0182-C	60
2.299622	1.162924	AB0183-C	60
2.2290864	1.1878133	AB0184-C	60
2.1842225	1.1673378	AB0186-C	60
2.2034717	1.1952695	AB0204-C	60
-0.8830667	1.4187378	AB0207-C	60
2.2943695	1.1350167	AB0224-C	60
2.2325687	1.1695635	AB0229-C	60
-1.0383366	1.3928188	AB0239-C	60
2.3261724	1.1849048	AB0240-C	60
-0.971522	1.4496772	AB0241-C	60
2.2625132	1.179419	AB0243-C	60
-1.0483636	1.4709142	AB0244-C	60
-0.99368787	1.4610903	AB0256-C	60
-0.9933681	1.4531714	AB0272-C	60
-0.9474184	1.4440749	AC0091-C	60
-0.9396147	1.4795595	AC0093-C	60
-0.9098307	1.4178185	AC0094-C	60
-0.8934077	1.4298117	AC0098-C	60
-0.9635959	1.5049173	AC0099-C	60
-0.88698167	1.4473952	AC0110-C	60
-0.9012485	1.4756637	AC0112-C	60
-0.9138223	1.5188344	AC0125-C	60
-0.9778292	1.4213225	AC0127-C	60
-0.9137655	1.4584899	AC0132-C	60
-0.96263546	1.4965628	AC0156-C	60
-0.97573984	1.4479297	AC0159-C	60
-0.90199286	1.5111293	AC0160-C	60
-0.9232745	1.4870837	AC0168-C	60
-0.91822994	1.5063328	AC0171-C	60
-0.8760121	1.4840187	AC0178-C	60
-0.92452395	1.4547453	AC0189-C	60
-0.8874878	1.5051827	AC0192-C	60
-0.9571014	1.468664	AC0193-C	60
-0.9601984	1.4484044	AC0194-C	60
-0.9807938	1.5089823	AC0197-C	60
0.57955265	1.9438264	AJ0032-C	60
0.44594562	1.8730227	AJ0036-C	60
0.5541518	1.9042948	AJ0043-C	60
0.45621133	1.9395583	AJ0051-C	60
0.54900634	1.9047883	AJ0070-C	60
0.5094099	1.9451102	AJ0072-C	60
0.6645914	1.8797374	AJ0081-C	60
0.5005667	1.9104373	AJ0090-C	60
0.5210572	1.961244	AJ0096-C	60
0.5656305	1.8833432	AJ0100-C	60
9.077738	5.0988617	AK0069-C	60
5.0503674	7.1989665	AK0070-C	60
4.175748	8.367264	AK0085-C	60
4.6114173	7.089306	AK0092-C	60
4.7973137	8.505911	AK0096-C	60
6.2518034	7.77151	AK0098-C	60
4.0551624	9.047125	AK0104-C	60
6.2373157	5.3219633	AK0109-C	60
2.610721	11.779296	AK0116-C	60
-2.030021	1.27477	AN0010-C	60
-1.007131	1.3741634	AN0016-C	60
-1.0956131	1.4114761	AN0023-C	60
-1.0941583	1.3733635	AN0025-C	60
-1.0938251	1.4067881	AN0031-C	60
-1.1758578	1.4049745	AN0033-C	60
-0.9256255	1.446693	AN0036-C	60
-1.1191132	1.4246249	AN0038-C	60
-0.8901841	1.4520277	AN0039-C	60
-0.9919968	1.4127511	AN0054-C	60
-1.1198906	1.4007275	AN0056-C	60
-1.0595961	1.3948283	AN0060-C	60
-1.1279014	1.3479567	AN0068-C	60
-0.92682123	1.5045052	AN0069-C	60
-1.0780463	1.3909131	AN0073-C	60
-0.9646861	1.4293435	AN0076-C	60
-1.1322484	1.4376829	AN0089-C	60
-0.95271	1.48004	AN0091-C	60
-1.2249366	1.3385015	AN0101-C	60
-1.0652755	1.388753	AN0111-C	60
-0.920309	1.4679554	AN0123-C	60
-1.1890132	1.3895215	AN0124-C	60
-1.1333038	1.4090667	AN0136-C	60
-1.212686	1.3507191	AN0137-C	60
-1.3511304	1.3290814	AN0140-C	60
-1.175992	1.371012	AN0167-C	60
-1.5752734	1.3080322	AN0169-C	60
-2.190211	1.3156675	AN0177-C	60
-1.2758744	1.3562028	AN0178-C	60
-0.9792845	1.445226	AN0183-C	60
-1.1341133	1.402669	AN0186-C	60
-1.5723462	1.2804662	AN0188-C	60
-1.1571983	1.3926542	AN0204-C	60
-1.0876366	1.37919	AN0206-C	60
-1.155366	1.406929	AN0210-C	60
-1.1528071	1.3851403	AN0223-C	60
-0.8767818	1.489968	AN0231-C	60
-1.1712786	1.4020796	AN0240-C	60
-1.0342963	1.3897197	AN0241-C	60
-1.0557715	1.4163762	AN0242-C	60
-1.0219476	1.4244184	AN0244-C	60
-1.0532225	1.413561	AN0253-C	60
-0.9134949	1.4415798	AN0256-C	60
-1.0706855	1.4097313	AN0262-C	60
-1.2002046	1.3365567	AN0268-C	60
-1.3064348	1.3212311	AN0270-C	60
-0.9845374	1.4686184	AN0272-C	60
-0.93975556	1.4256212	AN0283-C	60
-1.2281232	1.3684523	AN0292-C	60
-1.105024	1.3969091	AN0296-C	60
-1.2176958	1.4300054	AN0304-C	60
-1.6232573	1.3337419	AN0310-C	60
6.014332	-0.30325457	AR0007-C	60
5.82364	-0.3222658	AR0009-C	60
5.856466	-0.37975982	AR0042-C	60
6.116441	-0.39425102	AR0043-C	60
5.895137	-0.32803944	AR0053-C	60
5.9527555	-0.30370837	AR0059-C	60
5.870379	-0.33765778	AR0065-C	60
5.697288	-0.28161326	AR0070-C	60
5.807361	-0.30635843	AR0071-C	60
5.7822385	-0.2980158	AR0078-C	60
5.8266344	-0.32463485	AR0080-C	60
6.059628	-0.36082223	AR0084-C	60
5.755481	-0.28919744	AR0086-C	60
5.6967206	-0.26076844	AR0087-C	60
6.082487	-0.38213402	AR0092-C	60
-5.6347933	1.2143099	AS0002-C	60
-5.9101048	1.2520393	AS0013-C	60
-6.0232825	1.3324721	AS0019-C	60
-7.6105433	1.4525137	AS0024-C	60
-7.177588	1.3819706	AS0030-C	60
-6.3839726	1.3455427	AS0032-C	60
-6.0048537	1.2659883	AS0035-C	60
-5.9520826	1.2389107	AS0053-C	60
-6.9112515	1.2688923	AS0065-C	60
-0.9379562	1.4784852	AV0001-C	60
-0.95490104	1.4387069	AV0004-C	60
-0.91446066	1.4740068	AV0009-C	60
-0.9232569	1.5205848	AV0012-C	60
-0.94576305	1.4411738	AV0015-C	60
-1.0992111	1.4126674	AV0029-C	60
-1.0600084	1.3852661	AV0033-C	60
-0.960557	1.4298589	AV0039-C	60
2.2127905	1.0941178	AB0087-C	70
2.1769452	1.1387775	AB0088-C	70
2.0920024	1.1576358	AB0092-C	70
2.132833	1.1772807	AB0094-C	70
2.1057332	1.1841923	AB0098-C	70
2.2657385	1.1020657	AB0110-C	70
2.186161	1.1459832	AB0114-C	70
-0.82953525	1.4131126	AB0117-C	70
2.1059875	1.1037471	AB0122-C	70
-0.91452765	1.4248357	AB0129-C	70
-0.8348513	1.4364347	AB0135-C	70
-0.9320939	1.4312938	AB0159-C	70
-0.81979483	1.4472107	AB0177-C	70
2.165439	1.1063832	AB0181-C	70
2.2437265	1.1012666	AB0182-C	70
2.243197	1.0861194	AB0183-C	70
2.142276	1.1651146	AB0184-C	70
2.2394218	1.1034626	AB0186-C	70
2.2051249	1.1198685	AB0204-C	70
-0.7667684	1.4010192	AB0207-C	70
2.2121277	1.1083881	AB0224-C	70
2.1834702	1.1773307	AB0229-C	70
-0.8819788	1.4132098	AB0239-C	70
2.2409606	1.1141464	AB0240-C	70
-0.7912911	1.414766	AB0241-C	70
2.1848	1.117821	AB0243-C	70
-0.8776337	1.3523147	AB0244-C	70
-0.82434225	1.3582727	AB0256-C	70
-0.90290356	1.4941899	AB0272-C	70
-0.78821045	1.4481794	AC0091-C	70
-0.7766281	1.5467856	AC0093-C	70
-0.74285424	1.49654	AC0094-C	70
-0.77528965	1.4411479	AC0098-C	70
-0.8139685	1.4608371	AC0099-C	70
-0.76129717	1.4977537	AC0110-C	70
-0.7715766	1.4669404	AC0112-C	70
-0.75336844	1.5005873	AC0125-C	70
-0.8144622	1.4851408	AC0127-C	70
-0.7200472	1.458542	AC0132-C	70
-0.7574026	1.5161691	AC0156-C	70
-0.7567112	1.5073388	AC0159-C	70
-0.77004623	1.5044237	AC0160-C	70
-0.76535064	1.4853774	AC0168-C	70
-0.7559867	1.4971265	AC0171-C	70
-0.7698447	1.4905376	AC0178-C	70
-0.72782147	1.5125229	AC0189-C	70
-0.6742153	1.5420387	AC0192-C	70
-0.79555684	1.4737316	AC0193-C	70
-0.7905679	1.4717766	AC0194-C	70
-0.7485644	1.4596752	AC0197-C	70
0.5989621	1.9723936	AJ0032-C	70
0.54256797	1.9846655	AJ0036-C	70
0.5392978	2.0083246	AJ0043-C	70
0.5790471	1.9799055	AJ0051-C	70
0.56916773	1.9763322	AJ0070-C	70
0.5651021	1.982312	AJ0072-C	70
0.7096306	1.9112195	AJ0081-C	70
0.50332475	2.0072794	AJ0090-C	70
0.505056	2.010298	AJ0096-C	70
0.635976	1.9417661	AJ0100-C	70
10.001221	5.0756345	AK0069-C	70
5.188117	7.7635994	AK0070-C	70
4.498501	8.416752	AK0085-C	70
5.064812	7.3353014	AK0092-C	70
5.1093254	8.961503	AK0096-C	70
6.2896976	8.452148	AK0098-C	70
4.2511234	9.512001	AK0104-C	70
6.5674357	5.7796674	AK0109-C	70
2.6985772	12.158478	AK0116-C	70
-2.000153	1.2223712	AN0010-C	70
-0.8721805	1.4138087	AN0016-C	70
-0.9103381	1.4122219	AN0023-C	70
-0.9670587	1.3666519	AN0025-C	70
-0.97167075	1.3982598	AN0031-C	70
-0.9829736	1.3954632	AN0033-C	70
-0.8282405	1.4473261	AN0036-C	70
-1.0021228	1.3916577	AN0038-C	70
-0.73679775	1.4397327	AN0039-C	70
-0.87329483	1.4350855	AN0054-C	70
-0.9757837	1.4094626	AN0056-C	70
-0.9448655	1.393915	AN0060-C	70
-1.1091745	1.3309388	AN0068-C	70
-0.8182359	1.4581792	AN0069-C	70
-0.92321366	1.4219321	AN0073-C	70
-0.83691293	1.4575282	AN0076-C	70
-0.99523544	1.414555	AN0089-C	70
-0.8031798	1.3984761	AN0091-C	70
-1.0381373	1.372655	AN0101-C	70
-0.9118345	1.3950139	AN0111-C	70
-0.8798966	1.3661433	AN0123-C	70
-1.0096579	1.3845192	AN0124-C	70
-1.0511178	1.4032851	AN0136-C	70
-1.0723265	1.3246546	AN0137-C	70
-1.1868168	1.3072836	AN0140-C	70
-1.0405405	1.3420873	AN0167-C	70
-1.4201025	1.2600353	AN0169-C	70
-2.10163	1.1655657	AN0177-C	70
-1.2041798	1.3434665	AN0178-C	70
-0.8457181	1.3289928	AN0183-C	70
-0.9463777	1.4221078	AN0186-C	70
-1.4386587	1.2919872	AN0188-C	70
-0.9875256	1.354981	AN0204-C	70
-1.0028205	1.396913	AN0206-C	70
-1.0023031	1.4060591	AN0210-C	70
-0.9546907	1.3650177	AN0223-C	70
-0.764294	1.4074382	AN0231-C	70
-1.064832	1.360101	AN0240-C	70
-0.8861543	1.3998301	AN0241-C	70
-0.95865756	1.3728429	AN0242-C	70
-0.8933131	1.3963014	AN0244-C	70
-0.9270136	1.381637	AN0253-C	70
-0.7711449	1.4686718	AN0256-C	70
-0.86053	1.4510448	AN0262-C	70
-1.0589272	1.3885993	AN0268-C	70
-1.2522869	1.3358543	AN0270-C	70
-0.88116145	1.4302431	AN0272-C	70
-0.81710166	1.428938	AN0283-C	70
-1.0148188	1.3938799	AN0292-C	70
-0.9367469	1.4097997	AN0296-C	70
-1.1077662	1.3451633	AN0304-C	70
-1.5058475	1.335657	AN0310-C	70
5.825751	-0.49638262	AR0007-C	70
5.8209877	-0.48050115	AR0009-C	70
5.769776	-0.46720198	AR0042-C	70
5.870568	-0.53211635	AR0043-C	70
5.730708	-0.4634249	AR0053-C	70
5.6816974	-0.48961008	AR0059-C	70
5.7094393	-0.47586057	AR0065-C	70
5.52963	-0.41821253	AR0070-C	70
5.607109	-0.44483513	AR0071-C	70
5.6683273	-0.46070346	AR0078-C	70
5.6034274	-0.4775056	AR0080-C	70
5.8556333	-0.5083703	AR0084-C	70
5.6066513	-0.43481278	AR0086-C	70
5.643551	-0.43031707	AR0087-C	70
5.9078145	-0.43207318	AR0092-C	70
-5.865271	0.9396769	AS0002-C	70
-6.1632524	0.98114914	AS0013-C	70
-6.220034	1.0807676	AS0019-C	70
-7.9170814	1.2132946	AS0024-C	70
-7.5162563	1.0978311	AS0030-C	70
-6.5936317	1.0738864	AS0032-C	70
-6.295626	1.0233569	AS0035-C	70
-6.0601215	1.0020077	AS0053-C	70
-7.0543256	1.0575436	AS0065-C	70
-0.82612574	1.4470956	AV0001-C	70
-0.79793835	1.4033697	AV0004-C	70
-0.78882754	1.4348369	AV0009-C	70
-0.80162024	1.4623953	AV0012-C	70
-0.83731556	1.4290671	AV0015-C	70
-0.8988735	1.4332452	AV0029-C	70
-0.90649587	1.3604814	AV0033-C	70
-0.8193583	1.4723974	AV0039-C	70
