0	1	sampleID	epoch
-133.7132	6.7385025	AB0092-C	0
-134.47939	6.635721	AB0110-C	0
-133.68333	6.613163	AB0113-C	0
-141.26103	7.1423626	AB0117-C	0
-141.21387	7.2679977	AB0119-C	0
-134.08359	6.686283	AB0142-C	0
-140.62154	7.1288986	AB0146-C	0
-141.85828	7.12134	AB0153-C	0
-142.40385	7.2293015	AB0160-C	0
-141.8653	7.245701	AB0172-C	0
-142.60907	7.207567	AB0173-C	0
-142.52327	7.348961	AB0176-C	0
-142.95625	7.2672615	AB0179-C	0
-134.11879	6.6413097	AB0182-C	0
-134.1969	6.632208	AB0187-C	0
-141.5825	7.178829	AB0198-C	0
-142.30508	7.1863365	AB0199-C	0
-142.06766	7.140442	AB0201-C	0
-134.681	6.6839466	AB0204-C	0
-134.67485	6.702238	AB0210-C	0
-134.10612	6.711733	AB0223-C	0
-134.29057	6.667362	AB0224-C	0
-133.78171	6.681555	AB0226-C	0
-134.4944	6.6836796	AB0227-C	0
-134.3614	6.6737556	AB0237-C	0
-141.64272	7.2239513	AB0238-C	0
-134.2301	6.6501007	AB0243-C	0
-140.35223	7.1927147	AB0253-C	0
-133.05354	6.652426	AB0263-C	0
-142.16539	7.2449207	AB0264-C	0
-142.25104	7.2397594	AB0265-C	0
-141.07332	7.1084137	AB0274-C	0
-142.10191	7.2402782	AC0095-C	0
-142.6948	7.2674904	AC0109-C	0
-142.56483	7.197687	AC0111-C	0
-143.21584	7.329731	AC0119-C	0
-144.10594	7.41428	AC0147-C	0
-142.98407	7.2664604	AC0148-C	0
-142.73882	7.335676	AC0154-C	0
-142.24413	7.197794	AC0167-C	0
-142.1067	7.290779	AC0183-C	0
-142.64049	7.3268356	AC0191-C	0
-142.71779	7.269909	AC0196-C	0
-142.95091	7.3721066	AC0203-C	0
-141.56337	7.4914894	AJ0035-C	0
-140.11797	7.24312	AJ0039-C	0
-141.35582	7.31814	AJ0071-C	0
-139.9121	7.208252	AJ0072-C	0
-141.71976	7.420492	AJ0078-C	0
-138.69511	7.2233276	AJ0085-C	0
-141.08925	7.350218	AJ0103-C	0
-105.55129	7.2935295	AK0076-C	0
-105.33965	7.2961807	AK0080-C	0
-113.845436	7.1959534	AK0081-C	0
-116.41043	7.239996	AK0082-C	0
-124.04989	7.656479	AK0085-C	0
-109.083405	7.11026	AK0093-C	0
-113.2373	7.0730295	AK0099-C	0
-107.76864	6.8790913	AK0103-C	0
-119.94417	7.41238	AK0104-C	0
-120.804085	7.7095814	AK0109-C	0
-113.49539	7.2135677	AK0127-C	0
-142.30544	7.277725	AN0011-C	0
-142.19853	7.217245	AN0014-C	0
-142.19322	7.179394	AN0022-C	0
-142.52122	7.2557564	AN0030-C	0
-141.49854	7.13871	AN0032-C	0
-141.50471	7.2914085	AN0037-C	0
-141.71591	7.310362	AN0041-C	0
-142.74684	7.202587	AN0053-C	0
-142.73659	7.2013283	AN0055-C	0
-140.64264	7.190502	AN0057-C	0
-141.44978	7.2842865	AN0058-C	0
-142.7229	7.3154964	AN0065-C	0
-142.81996	7.272217	AN0067-C	0
-141.87988	7.186119	AN0069-C	0
-141.68286	7.1657944	AN0073-C	0
-140.43823	7.3341045	AN0075-C	0
-141.92972	7.209734	AN0084-C	0
-142.29945	7.1543064	AN0088-C	0
-141.68553	7.2398167	AN0090-C	0
-141.22614	7.2127953	AN0094-C	0
-142.739	7.3351307	AN0096-C	0
-141.22437	7.1554794	AN0109-C	0
-141.53401	7.2019024	AN0111-C	0
-141.71385	7.3870277	AN0123-C	0
-144.5515	6.860304	AN0125-C	0
-145.26851	6.774353	AN0127-C	0
-142.71152	7.062916	AN0128-C	0
-141.67094	7.23699	AN0135-C	0
-140.63881	7.195709	AN0136-C	0
-141.77034	7.2452736	AN0140-C	0
-141.56004	7.0990314	AN0141-C	0
-141.1872	7.274992	AN0143-C	0
-142.0913	7.2560825	AN0149-C	0
-143.09079	7.388361	AN0163-C	0
-142.33118	7.1766205	AN0166-C	0
-143.1455	7.263727	AN0167-C	0
-144.2571	7.3817406	AN0168-C	0
-146.0869	7.357628	AN0170-C	0
-143.53465	7.605564	AN0173-C	0
-142.8662	7.201002	AN0175-C	0
-143.45995	7.3535786	AN0179-C	0
-144.38899	7.417238	AN0180-C	0
-142.94653	7.315624	AN0189-C	0
-142.01283	7.2105865	AN0194-C	0
-140.737	7.2782	AN0197-C	0
-142.3637	7.1967125	AN0204-C	0
-142.4848	7.5268364	AN0208-C	0
-141.0955	7.2627354	AN0213-C	0
-142.03772	7.282707	AN0218-C	0
-140.82948	7.138813	AN0221-C	0
-142.54652	7.2423706	AN0223-C	0
-141.28677	7.1682434	AN0228-C	0
-141.27327	7.23345	AN0229-C	0
-141.7254	7.2692356	AN0238-C	0
-142.59035	7.1884537	AN0242-C	0
-141.69019	7.215931	AN0247-C	0
-141.19383	7.1465664	AN0250-C	0
-140.65233	7.12743	AN0252-C	0
-141.74683	7.2145634	AN0272-C	0
-142.95749	7.3589325	AN0276-C	0
-141.89128	7.3183517	AN0290-C	0
-142.61781	7.309807	AN0298-C	0
-141.74734	7.363634	AN0308-C	0
-141.34389	7.256544	AN0317-C	0
-140.77795	6.7342796	AR0014-C	0
-139.17905	6.8900337	AR0034-C	0
-139.53473	6.914322	AR0047-C	0
-139.36597	6.764559	AR0057-C	0
-140.60822	6.9373016	AR0065-C	0
-140.43484	6.9400005	AR0066-C	0
-140.07668	7.032774	AR0069-C	0
-139.87431	7.024925	AR0072-C	0
-140.65385	6.9090385	AR0073-C	0
-140.01044	6.973137	AR0075-C	0
-139.5029	6.8429317	AR0079-C	0
-139.95699	6.935278	AR0081-C	0
-139.72401	6.9005585	AR0095-C	0
-146.37462	7.3837013	AS0004-C	0
-143.98549	7.1715984	AS0006-C	0
-142.55382	7.2480106	AS0022-C	0
-144.1924	7.39126	AS0045-C	0
-143.92961	7.433037	AS0052-C	0
-143.433	7.3167324	AS0065-C	0
-145.26039	7.4987087	AS0066-C	0
-145.29012	7.356056	AS0076-C	0
-144.50826	7.42865	AS0077-C	0
-140.17223	7.1744595	AV0007-C	0
-141.09883	7.2024612	AV0027-C	0
-141.71268	7.2019367	AV0031-C	0
-140.65361	7.103859	AV0032-C	0
-141.74611	7.159155	AV0036-C	0
-13.432415	-1.9539741	AB0092-C	10
-13.462094	-1.9932503	AB0110-C	10
-13.454938	-1.946196	AB0113-C	10
-13.950246	-1.2615799	AB0117-C	10
-13.951371	-1.2243942	AB0119-C	10
-13.361057	-1.8954757	AB0142-C	10
-14.028396	-1.3462166	AB0146-C	10
-13.910967	-1.4288963	AB0153-C	10
-13.985622	-1.27677	AB0160-C	10
-14.004453	-1.2441696	AB0172-C	10
-13.95918	-1.1865715	AB0173-C	10
-14.104465	-1.1367935	AB0176-C	10
-13.9615	-1.2849258	AB0179-C	10
-13.5080385	-1.9881729	AB0182-C	10
-13.329147	-1.941523	AB0187-C	10
-13.932948	-1.363604	AB0198-C	10
-13.920237	-1.3029884	AB0199-C	10
-14.037511	-1.2950653	AB0201-C	10
-13.499086	-1.9858726	AB0204-C	10
-13.393726	-1.9516128	AB0210-C	10
-13.561332	-1.8941635	AB0223-C	10
-13.49991	-1.9232048	AB0224-C	10
-13.512185	-1.8541816	AB0226-C	10
-13.35297	-1.9584297	AB0227-C	10
-13.433471	-1.9942001	AB0237-C	10
-13.856504	-1.2640098	AB0238-C	10
-13.514169	-1.9793953	AB0243-C	10
-13.830853	-1.364798	AB0253-C	10
-13.351417	-1.9558586	AB0263-C	10
-14.054102	-1.2000145	AB0264-C	10
-14.020899	-1.3151611	AB0265-C	10
-13.960154	-1.328257	AB0274-C	10
-14.048175	-1.3141502	AC0095-C	10
-14.0088415	-1.2009529	AC0109-C	10
-14.007476	-1.259478	AC0111-C	10
-14.108391	-1.0752548	AC0119-C	10
-14.123999	-1.0364822	AC0147-C	10
-14.141852	-1.1337303	AC0148-C	10
-14.009439	-1.0835098	AC0154-C	10
-13.991026	-1.2861007	AC0167-C	10
-13.988538	-1.0883812	AC0183-C	10
-14.101462	-0.95928043	AC0191-C	10
-14.041598	-1.1422828	AC0196-C	10
-13.991681	-0.93185276	AC0203-C	10
-12.503461	-0.34397736	AJ0035-C	10
-12.804728	-0.6676735	AJ0039-C	10
-12.456974	-0.36437836	AJ0071-C	10
-12.643936	-0.65669864	AJ0072-C	10
-12.350681	-0.2400841	AJ0078-C	10
-12.604638	-0.544043	AJ0085-C	10
-12.699005	-0.5738625	AJ0103-C	10
-16.059418	2.3889098	AK0076-C	10
-15.969182	2.3821483	AK0080-C	10
-16.34629	2.2981448	AK0081-C	10
-15.634773	1.8993279	AK0082-C	10
-15.947814	2.6979651	AK0085-C	10
-16.4943	1.9774834	AK0093-C	10
-15.67426	1.7380654	AK0099-C	10
-16.170206	1.7123867	AK0103-C	10
-15.969729	2.2993007	AK0104-C	10
-15.5202	2.2755466	AK0109-C	10
-15.561724	1.9929425	AK0127-C	10
-13.816849	-1.1559662	AN0011-C	10
-14.063221	-1.1916832	AN0014-C	10
-14.054357	-1.4391235	AN0022-C	10
-13.990784	-1.1189636	AN0030-C	10
-14.035086	-1.3593735	AN0032-C	10
-13.892325	-1.1732162	AN0037-C	10
-13.954482	-1.1149086	AN0041-C	10
-13.994688	-1.3962005	AN0053-C	10
-14.120688	-1.3659462	AN0055-C	10
-13.74433	-1.1958565	AN0057-C	10
-13.937517	-1.2095436	AN0058-C	10
-14.080208	-1.1584839	AN0065-C	10
-13.991573	-1.3634285	AN0067-C	10
-14.141094	-1.3208145	AN0069-C	10
-13.973232	-1.3460907	AN0073-C	10
-13.80495	-1.1796325	AN0075-C	10
-13.9457245	-1.278788	AN0084-C	10
-13.939999	-1.2126755	AN0088-C	10
-13.873323	-1.2682174	AN0090-C	10
-13.7840605	-1.2383598	AN0094-C	10
-13.921111	-1.2811073	AN0096-C	10
-13.981211	-1.324881	AN0109-C	10
-13.876601	-1.2536224	AN0111-C	10
-13.800191	-1.3428634	AN0123-C	10
-13.911204	-1.604628	AN0125-C	10
-13.445079	-0.042261522	AN0127-C	10
-13.907369	-1.5641235	AN0128-C	10
-13.856178	-1.3036331	AN0135-C	10
-13.729778	-1.3155159	AN0136-C	10
-13.7322235	-0.9958443	AN0140-C	10
-13.883595	-1.3119606	AN0141-C	10
-13.958323	-1.2443069	AN0143-C	10
-14.016324	-1.2287735	AN0149-C	10
-13.647665	-0.8003678	AN0163-C	10
-13.9888735	-1.3027443	AN0166-C	10
-14.03297	-1.2503303	AN0167-C	10
-13.546687	-0.7290711	AN0168-C	10
-13.550887	-0.27848282	AN0170-C	10
-13.728365	-0.86940616	AN0173-C	10
-13.97209	-1.2443374	AN0175-C	10
-13.761677	-0.77110904	AN0179-C	10
-13.700227	-0.79226154	AN0180-C	10
-14.071478	-1.2599739	AN0189-C	10
-13.82913	-1.2137588	AN0194-C	10
-13.434118	-0.91973346	AN0197-C	10
-13.994137	-1.3049797	AN0204-C	10
-13.397546	-0.8924431	AN0208-C	10
-13.935221	-1.1562294	AN0213-C	10
-14.013237	-1.0798134	AN0218-C	10
-13.814513	-1.2611831	AN0221-C	10
-13.888413	-1.0699486	AN0223-C	10
-13.766034	-1.4778427	AN0228-C	10
-13.938714	-1.1378578	AN0229-C	10
-13.962588	-1.1575302	AN0238-C	10
-14.090152	-1.2920021	AN0242-C	10
-14.0293045	-1.159201	AN0247-C	10
-13.81056	-1.1939605	AN0250-C	10
-13.920708	-1.2410339	AN0252-C	10
-13.931696	-1.2776054	AN0272-C	10
-14.107335	-1.3239425	AN0276-C	10
-13.90879	-1.2160743	AN0290-C	10
-13.993677	-1.3057693	AN0298-C	10
-13.98676	-1.2164177	AN0308-C	10
-13.799604	-1.1948646	AN0317-C	10
-14.0174465	-2.679747	AR0014-C	10
-13.795283	-2.4918618	AR0034-C	10
-13.81025	-2.5341783	AR0047-C	10
-13.797133	-2.6335473	AR0057-C	10
-13.90721	-2.6081948	AR0065-C	10
-13.865236	-2.577414	AR0066-C	10
-13.807163	-2.4650903	AR0069-C	10
-13.745134	-2.562636	AR0072-C	10
-13.957873	-2.650107	AR0073-C	10
-13.797272	-2.4627252	AR0075-C	10
-13.905568	-2.4976068	AR0079-C	10
-13.893807	-2.544417	AR0081-C	10
-13.84902	-2.479548	AR0095-C	10
-14.239861	-1.1104416	AS0004-C	10
-14.188983	-1.501181	AS0006-C	10
-14.071823	-1.5646805	AS0022-C	10
-14.120824	-1.399916	AS0045-C	10
-14.224593	-1.3334259	AS0052-C	10
-14.166044	-1.4048675	AS0065-C	10
-14.237136	-1.0018677	AS0066-C	10
-14.319673	-1.4556793	AS0076-C	10
-14.222319	-1.540171	AS0077-C	10
-13.736649	-1.2978462	AV0007-C	10
-13.764251	-1.3422874	AV0027-C	10
-13.911957	-1.3337272	AV0031-C	10
-13.866473	-1.3727325	AV0032-C	10
-13.877231	-1.2350143	AV0036-C	10
-15.270541	-6.725798	AB0092-C	20
-15.255691	-6.430371	AB0110-C	20
-15.243445	-6.5134873	AB0113-C	20
-16.524643	-2.683266	AB0117-C	20
-16.415985	-2.6490004	AB0119-C	20
-15.15274	-6.3825746	AB0142-C	20
-16.48352	-3.023884	AB0146-C	20
-16.572422	-3.3658736	AB0153-C	20
-16.854053	-2.621977	AB0160-C	20
-16.674393	-2.705376	AB0172-C	20
-16.69181	-2.6201231	AB0173-C	20
-16.605804	-2.6068213	AB0176-C	20
-16.68422	-2.7788126	AB0179-C	20
-15.230132	-6.5536103	AB0182-C	20
-15.301402	-6.435921	AB0187-C	20
-16.66098	-2.98045	AB0198-C	20
-16.602787	-2.7491934	AB0199-C	20
-16.72842	-2.7604468	AB0201-C	20
-15.254554	-6.5708833	AB0204-C	20
-15.281074	-6.439587	AB0210-C	20
-15.277881	-6.502644	AB0223-C	20
-15.21527	-6.4673886	AB0224-C	20
-15.255864	-6.118262	AB0226-C	20
-15.20431	-6.644179	AB0227-C	20
-15.144767	-6.4710145	AB0237-C	20
-16.720474	-2.989403	AB0238-C	20
-15.241466	-6.7246804	AB0243-C	20
-16.114086	-3.3206866	AB0253-C	20
-15.057471	-6.557492	AB0263-C	20
-16.749546	-2.6262476	AB0264-C	20
-16.632286	-2.7881567	AB0265-C	20
-16.522041	-2.7616675	AB0274-C	20
-16.865257	-2.297167	AC0095-C	20
-16.664719	-2.228985	AC0109-C	20
-16.665081	-2.4941542	AC0111-C	20
-16.74276	-1.927933	AC0119-C	20
-17.141613	-1.8430808	AC0147-C	20
-16.883846	-1.8144057	AC0148-C	20
-16.939213	-2.1660674	AC0154-C	20
-16.76009	-2.442591	AC0167-C	20
-16.68248	-1.956156	AC0183-C	20
-16.71883	-1.7301562	AC0191-C	20
-16.842625	-2.2887347	AC0196-C	20
-16.964748	-2.00725	AC0203-C	20
-14.970429	-2.1169055	AJ0035-C	20
-15.061135	-2.6288664	AJ0039-C	20
-14.903518	-2.023924	AJ0071-C	20
-15.012839	-2.7446024	AJ0072-C	20
-15.163054	-2.1891005	AJ0078-C	20
-14.954679	-2.6033537	AJ0085-C	20
-15.130231	-2.624678	AJ0103-C	20
-24.307003	31.254288	AK0076-C	20
-24.316673	31.247765	AK0080-C	20
-25.090122	34.720905	AK0081-C	20
-25.457827	32.472897	AK0082-C	20
-25.676682	35.48714	AK0085-C	20
-24.971432	33.882607	AK0093-C	20
-24.423021	30.995861	AK0099-C	20
-25.295984	32.03776	AK0103-C	20
-25.543251	34.958935	AK0104-C	20
-24.561794	31.534689	AK0109-C	20
-24.918676	32.43936	AK0127-C	20
-16.687366	-2.845074	AN0011-C	20
-16.578007	-2.757477	AN0014-C	20
-16.598183	-3.094641	AN0022-C	20
-16.69466	-2.4377272	AN0030-C	20
-16.672829	-2.7435744	AN0032-C	20
-16.4309	-2.75021	AN0037-C	20
-16.607063	-2.4595282	AN0041-C	20
-16.725853	-3.3902552	AN0053-C	20
-16.747581	-3.0905592	AN0055-C	20
-16.524384	-2.729582	AN0057-C	20
-16.688496	-2.735266	AN0058-C	20
-16.68845	-2.5957453	AN0065-C	20
-16.690952	-3.014372	AN0067-C	20
-16.521309	-2.8163397	AN0069-C	20
-16.60413	-2.9132025	AN0073-C	20
-16.688614	-2.9304202	AN0075-C	20
-16.595505	-2.849045	AN0084-C	20
-16.64009	-2.9107955	AN0088-C	20
-16.64603	-2.7770808	AN0090-C	20
-16.568527	-2.7669222	AN0094-C	20
-16.72343	-2.6262228	AN0096-C	20
-16.618393	-2.9136279	AN0109-C	20
-16.571033	-2.8251193	AN0111-C	20
-16.455242	-2.7251246	AN0123-C	20
-17.273602	-3.9496443	AN0125-C	20
-15.900725	-0.6663802	AN0127-C	20
-16.675148	-2.6055777	AN0128-C	20
-16.603085	-2.8167307	AN0135-C	20
-16.601501	-3.0605776	AN0136-C	20
-16.448841	-2.945576	AN0140-C	20
-16.894714	-2.9015162	AN0141-C	20
-16.5304	-2.7290022	AN0143-C	20
-16.699135	-2.6748374	AN0149-C	20
-14.956046	-2.7899897	AN0163-C	20
-16.447575	-3.1820033	AN0166-C	20
-17.162823	-2.9340003	AN0167-C	20
-16.813118	-1.8727381	AN0168-C	20
-16.57637	-1.2678702	AN0170-C	20
-17.283493	-3.028868	AN0173-C	20
-16.04604	-2.1889956	AN0175-C	20
-16.387138	-2.2947009	AN0179-C	20
-16.86066	-1.8973582	AN0180-C	20
-16.69852	-2.742201	AN0189-C	20
-16.72031	-2.9284537	AN0194-C	20
-16.67427	-2.4662154	AN0197-C	20
-16.681675	-2.9090674	AN0204-C	20
-15.825496	-2.366894	AN0208-C	20
-16.675022	-2.6968958	AN0213-C	20
-16.56298	-2.6904223	AN0218-C	20
-16.526176	-2.941357	AN0221-C	20
-19.206383	-2.427584	AN0223-C	20
-16.39235	-3.1762793	AN0228-C	20
-16.50393	-2.820265	AN0229-C	20
-16.575268	-2.540272	AN0238-C	20
-16.71025	-2.764805	AN0242-C	20
-16.647491	-3.284407	AN0247-C	20
-16.364052	-2.8467467	AN0250-C	20
-16.563927	-2.6596472	AN0252-C	20
-16.47358	-2.8545573	AN0272-C	20
-16.805344	-2.8368094	AN0276-C	20
-16.776802	-2.7905695	AN0290-C	20
-16.803715	-2.821318	AN0298-C	20
-16.61074	-2.6225398	AN0308-C	20
-16.468517	-2.739092	AN0317-C	20
-18.316216	-24.426733	AR0014-C	20
-17.950684	-23.846395	AR0034-C	20
-17.908073	-23.757742	AR0047-C	20
-17.936333	-24.384829	AR0057-C	20
-18.078396	-24.301004	AR0065-C	20
-18.088844	-24.66083	AR0066-C	20
-17.713692	-23.785439	AR0069-C	20
-17.81863	-25.520723	AR0072-C	20
-18.017815	-24.484306	AR0073-C	20
-17.95354	-23.852493	AR0075-C	20
-17.953438	-23.546572	AR0079-C	20
-18.01015	-23.572218	AR0081-C	20
-18.074932	-23.578629	AR0095-C	20
-16.96933	-3.2255194	AS0004-C	20
-16.455261	-4.144198	AS0006-C	20
-16.307491	-4.464339	AS0022-C	20
-16.638615	-4.294453	AS0045-C	20
-16.527958	-3.508797	AS0052-C	20
-16.120804	-4.1629567	AS0065-C	20
-16.719566	-3.200453	AS0066-C	20
-16.569942	-4.242804	AS0076-C	20
-16.238304	-4.2502217	AS0077-C	20
-16.407055	-2.7821906	AV0007-C	20
-16.633492	-2.961737	AV0027-C	20
-16.506489	-2.853079	AV0031-C	20
-16.463501	-2.8037894	AV0032-C	20
-16.672714	-2.6296332	AV0036-C	20
-7.528349	-6.5032144	AB0092-C	30
-7.460989	-6.1704564	AB0110-C	30
-7.4882336	-6.124167	AB0113-C	30
-8.249346	0.6548306	AB0117-C	30
-8.178133	0.2444016	AB0119-C	30
-7.424837	-6.272116	AB0142-C	30
-8.182119	0.3508717	AB0146-C	30
-8.154634	-0.108715385	AB0153-C	30
-8.27947	0.6453148	AB0160-C	30
-8.32089	0.5935856	AB0172-C	30
-8.269106	0.5820328	AB0173-C	30
-8.278147	0.46941915	AB0176-C	30
-8.283186	0.4556233	AB0179-C	30
-7.504343	-6.483374	AB0182-C	30
-7.522314	-6.2786145	AB0187-C	30
-8.251421	0.4127175	AB0198-C	30
-8.204874	0.6026112	AB0199-C	30
-8.292135	0.5375153	AB0201-C	30
-7.6700497	-6.577765	AB0204-C	30
-7.542799	-6.3795266	AB0210-C	30
-7.5899067	-6.507979	AB0223-C	30
-7.4318676	-6.257281	AB0224-C	30
-7.469946	-6.008181	AB0226-C	30
-7.5168896	-6.487965	AB0227-C	30
-7.4537067	-6.421555	AB0237-C	30
-8.214079	0.42552534	AB0238-C	30
-7.6697636	-6.7710023	AB0243-C	30
-7.794733	-0.75861585	AB0253-C	30
-7.5008564	-6.3944726	AB0263-C	30
-8.270243	0.5441052	AB0264-C	30
-8.285639	0.58217394	AB0265-C	30
-8.294012	0.38095632	AB0274-C	30
-8.446928	1.0447556	AC0095-C	30
-8.464048	1.1394173	AC0109-C	30
-8.419832	0.9366356	AC0111-C	30
-8.392992	1.229343	AC0119-C	30
-8.542421	1.3949963	AC0147-C	30
-8.556585	1.4183308	AC0148-C	30
-8.512899	1.3319451	AC0154-C	30
-8.41033	1.0602814	AC0167-C	30
-8.461939	1.3370987	AC0183-C	30
-8.4813175	1.376886	AC0191-C	30
-8.421446	1.0585057	AC0196-C	30
-8.56452	1.2722279	AC0203-C	30
-6.5785465	-4.4441667	AJ0035-C	30
-6.653425	-3.7903502	AJ0039-C	30
-6.5313187	-4.9400525	AJ0071-C	30
-6.5288124	-4.601149	AJ0072-C	30
-6.531372	-4.7663198	AJ0078-C	30
-6.628748	-4.277222	AJ0085-C	30
-6.688032	-4.4946485	AJ0103-C	30
-24.870413	30.23883	AK0076-C	30
-24.899113	30.28857	AK0080-C	30
-28.612965	33.85184	AK0081-C	30
-24.662827	28.81124	AK0082-C	30
-27.059038	32.20782	AK0085-C	30
-28.177044	33.713284	AK0093-C	30
-24.583946	28.834473	AK0099-C	30
-26.748272	31.70352	AK0103-C	30
-28.437223	33.84177	AK0104-C	30
-21.438189	25.211475	AK0109-C	30
-24.08488	28.688677	AK0127-C	30
-8.228327	0.68072665	AN0011-C	30
-8.285212	0.4303719	AN0014-C	30
-8.234518	0.40061536	AN0022-C	30
-8.274496	0.51144946	AN0030-C	30
-8.237761	0.57491076	AN0032-C	30
-8.178854	0.41125837	AN0037-C	30
-8.238028	0.6879307	AN0041-C	30
-8.229094	-0.0031245663	AN0053-C	30
-8.167074	0.5071446	AN0055-C	30
-8.195028	0.44039884	AN0057-C	30
-8.267408	0.56504214	AN0058-C	30
-8.259966	0.6342064	AN0065-C	30
-8.323248	0.55704653	AN0067-C	30
-8.243658	0.44884458	AN0069-C	30
-8.241079	0.4881417	AN0073-C	30
-8.197702	0.13869825	AN0075-C	30
-8.214888	0.3702065	AN0084-C	30
-8.218882	0.32865492	AN0088-C	30
-8.223993	0.6415688	AN0090-C	30
-8.254656	0.58126986	AN0094-C	30
-8.335291	0.73868334	AN0096-C	30
-8.247587	0.47923627	AN0109-C	30
-8.204634	0.36819807	AN0111-C	30
-8.10713	0.68464434	AN0123-C	30
-8.1733	0.47844473	AN0125-C	30
-8.548994	1.1412884	AN0127-C	30
-8.403173	0.7009083	AN0128-C	30
-8.259726	0.54539454	AN0135-C	30
-8.131056	0.34983602	AN0136-C	30
-8.452124	0.62209284	AN0140-C	30
-8.253542	0.5913292	AN0141-C	30
-8.211969	0.58098567	AN0143-C	30
-8.28797	0.69155276	AN0149-C	30
-7.7468586	0.37322965	AN0163-C	30
-8.108957	-0.27598986	AN0166-C	30
-8.394022	0.65231097	AN0167-C	30
-8.07897	0.83342516	AN0168-C	30
-8.106203	0.987146	AN0170-C	30
-8.048376	0.4960324	AN0173-C	30
-8.149332	0.9901215	AN0175-C	30
-8.16062	0.6571423	AN0179-C	30
-8.342527	0.88403475	AN0180-C	30
-8.314753	0.4889008	AN0189-C	30
-8.18519	0.39694372	AN0194-C	30
-8.123407	1.09082	AN0197-C	30
-8.343721	0.4404656	AN0204-C	30
-7.918665	0.11775556	AN0208-C	30
-8.324266	0.5711609	AN0213-C	30
-8.272188	0.31152502	AN0218-C	30
-8.115267	0.3608338	AN0221-C	30
-8.460726	0.7803055	AN0223-C	30
-8.255922	0.5889927	AN0228-C	30
-8.210817	0.4152352	AN0229-C	30
-8.28256	0.5870892	AN0238-C	30
-8.354849	0.5928303	AN0242-C	30
-8.140436	0.045432717	AN0247-C	30
-8.291521	0.6785065	AN0250-C	30
-8.237993	0.53844225	AN0252-C	30
-8.250589	0.33391348	AN0272-C	30
-8.356123	0.5405308	AN0276-C	30
-8.367212	0.6534916	AN0290-C	30
-8.34606	0.49810758	AN0298-C	30
-8.312502	0.5166966	AN0308-C	30
-8.203386	0.37154356	AN0317-C	30
-15.392767	-26.782171	AR0014-C	30
-15.356882	-26.294394	AR0034-C	30
-15.275381	-26.462881	AR0047-C	30
-15.137903	-26.482126	AR0057-C	30
-15.254507	-26.706907	AR0065-C	30
-15.326391	-26.75015	AR0066-C	30
-15.259394	-26.556969	AR0069-C	30
-15.364004	-26.859276	AR0072-C	30
-15.298494	-26.837189	AR0073-C	30
-15.228586	-26.446531	AR0075-C	30
-15.406752	-26.393358	AR0079-C	30
-15.265409	-26.461458	AR0081-C	30
-15.350008	-26.281736	AR0095-C	30
-8.327265	-0.5162853	AS0004-C	30
-7.8948383	-1.2891487	AS0006-C	30
-7.7920704	-1.7442306	AS0022-C	30
-8.15785	-1.167538	AS0045-C	30
-8.27593	-0.8003925	AS0052-C	30
-7.9402637	-1.8277954	AS0065-C	30
-8.393015	-0.44607386	AS0066-C	30
-8.14493	-1.3438553	AS0076-C	30
-8.07601	-1.6542934	AS0077-C	30
-8.201094	0.45804182	AV0007-C	30
-8.227663	0.44683996	AV0027-C	30
-8.259436	0.40328756	AV0031-C	30
-8.23855	0.54593813	AV0032-C	30
-8.215471	0.55593455	AV0036-C	30
-7.639489	-6.3683305	AB0092-C	40
-7.484643	-5.93063	AB0110-C	40
-7.481003	-5.977322	AB0113-C	40
-8.380769	3.509281	AB0117-C	40
-8.355055	3.0897367	AB0119-C	40
-7.5134425	-6.1218114	AB0142-C	40
-8.217644	3.0884378	AB0146-C	40
-8.322047	2.4742067	AB0153-C	40
-8.424106	3.528093	AB0160-C	40
-8.3645525	3.4281003	AB0172-C	40
-8.401266	3.3149679	AB0173-C	40
-8.420233	3.1716554	AB0176-C	40
-8.44202	3.2588956	AB0179-C	40
-7.5119314	-6.4257474	AB0182-C	40
-7.577177	-6.1331124	AB0187-C	40
-8.375449	3.0876634	AB0198-C	40
-8.397067	3.5152414	AB0199-C	40
-8.37276	3.3666456	AB0201-C	40
-7.538275	-6.5121007	AB0204-C	40
-7.58799	-6.364325	AB0210-C	40
-7.6038675	-6.4317193	AB0223-C	40
-7.4596334	-6.207829	AB0224-C	40
-7.549537	-5.875668	AB0226-C	40
-7.490181	-6.402903	AB0227-C	40
-7.5261617	-6.379853	AB0237-C	40
-8.383131	3.2150877	AB0238-C	40
-7.5693197	-6.6315465	AB0243-C	40
-8.10465	1.3439939	AB0253-C	40
-7.5850015	-6.1693044	AB0263-C	40
-8.3866	3.2259023	AB0264-C	40
-8.335099	3.2313154	AB0265-C	40
-8.316674	3.111118	AB0274-C	40
-8.437295	4.209785	AC0095-C	40
-8.3615675	4.232139	AC0109-C	40
-8.478137	4.1799254	AC0111-C	40
-8.500086	4.582229	AC0119-C	40
-8.554834	4.7518344	AC0147-C	40
-8.491322	4.5260577	AC0148-C	40
-8.423045	4.4854617	AC0154-C	40
-8.407589	4.1922755	AC0167-C	40
-8.384394	4.5763583	AC0183-C	40
-8.458447	4.579622	AC0191-C	40
-8.528281	4.402065	AC0196-C	40
-8.460482	4.5243773	AC0203-C	40
-6.586006	-5.8333993	AJ0035-C	40
-6.8990893	-4.587651	AJ0039-C	40
-6.3722305	-6.337031	AJ0071-C	40
-6.6840076	-5.657704	AJ0072-C	40
-6.4623914	-6.365721	AJ0078-C	40
-6.83851	-5.27546	AJ0085-C	40
-6.805695	-5.5238595	AJ0103-C	40
-19.085434	31.437284	AK0076-C	40
-20.484272	31.487158	AK0080-C	40
-24.183273	33.47954	AK0081-C	40
-19.300735	28.786293	AK0082-C	40
-22.906353	32.9286	AK0085-C	40
-23.961964	33.049213	AK0093-C	40
-19.55023	28.508987	AK0099-C	40
-21.720457	31.309105	AK0103-C	40
-23.87178	33.528187	AK0104-C	40
-14.911004	25.692657	AK0109-C	40
-18.138668	28.823666	AK0127-C	40
-8.371337	3.4497945	AN0011-C	40
-8.26932	3.221197	AN0014-C	40
-8.302031	3.1154897	AN0022-C	40
-8.385054	3.312103	AN0030-C	40
-8.364435	3.4058683	AN0032-C	40
-8.345046	3.1104314	AN0037-C	40
-8.398378	3.504608	AN0041-C	40
-8.373148	2.249685	AN0053-C	40
-8.385528	3.0394094	AN0055-C	40
-8.25792	3.1727273	AN0057-C	40
-8.385535	3.4290864	AN0058-C	40
-8.428731	3.4134881	AN0065-C	40
-8.409159	2.9252832	AN0067-C	40
-8.277082	3.2665308	AN0069-C	40
-8.3462105	3.3057039	AN0073-C	40
-8.333253	2.9245374	AN0075-C	40
-8.339444	3.0139806	AN0084-C	40
-8.341171	2.974016	AN0088-C	40
-8.377349	3.495033	AN0090-C	40
-8.305954	3.332939	AN0094-C	40
-8.449386	3.5459154	AN0096-C	40
-8.275587	3.351936	AN0109-C	40
-8.366832	3.1703126	AN0111-C	40
-8.557104	3.3896635	AN0123-C	40
-8.420267	2.5993593	AN0125-C	40
-7.928792	4.632087	AN0127-C	40
-8.346254	3.5580347	AN0128-C	40
-8.318241	3.2770383	AN0135-C	40
-8.306171	2.6598432	AN0136-C	40
-8.295289	3.1758707	AN0140-C	40
-8.436776	3.378744	AN0141-C	40
-8.310398	3.3927343	AN0143-C	40
-8.346188	3.4463117	AN0149-C	40
-7.74564	3.3087308	AN0163-C	40
-8.33391	2.2925165	AN0166-C	40
-8.305346	3.818485	AN0167-C	40
-8.518512	4.3557544	AN0168-C	40
-7.9486217	4.1106677	AN0170-C	40
-8.417286	3.3501832	AN0173-C	40
-8.265532	3.4543436	AN0175-C	40
-8.287995	3.4922044	AN0179-C	40
-8.425435	3.130201	AN0180-C	40
-8.410547	2.8854501	AN0189-C	40
-8.479146	3.0478132	AN0194-C	40
-8.193777	4.427461	AN0197-C	40
-8.473529	3.1125352	AN0204-C	40
-8.200907	2.5752103	AN0208-C	40
-8.391021	3.4181573	AN0213-C	40
-8.40803	3.0686128	AN0218-C	40
-8.353205	3.0767114	AN0221-C	40
-8.502638	3.0114992	AN0223-C	40
-8.204673	3.3888032	AN0228-C	40
-8.394088	3.0936487	AN0229-C	40
-8.363791	3.4888303	AN0238-C	40
-8.438758	3.2713354	AN0242-C	40
-8.282917	2.483772	AN0247-C	40
-8.2910595	3.525684	AN0250-C	40
-8.380847	3.1958845	AN0252-C	40
-8.307012	3.0608556	AN0272-C	40
-8.356321	3.4332502	AN0276-C	40
-8.459721	3.338724	AN0290-C	40
-8.415973	3.3781736	AN0298-C	40
-8.213362	3.1594312	AN0308-C	40
-8.253224	3.3189905	AN0317-C	40
-14.723217	-29.349615	AR0014-C	40
-14.7739105	-29.115932	AR0034-C	40
-14.660587	-29.10824	AR0047-C	40
-14.548103	-29.04686	AR0057-C	40
-14.653759	-29.40435	AR0065-C	40
-14.848335	-29.556396	AR0066-C	40
-14.834938	-29.304718	AR0069-C	40
-14.634407	-30.110682	AR0072-C	40
-14.841793	-29.675615	AR0073-C	40
-14.56303	-29.114819	AR0075-C	40
-14.921715	-29.192524	AR0079-C	40
-14.361851	-28.690756	AR0081-C	40
-14.605499	-28.748178	AR0095-C	40
-9.625805	-0.4095843	AS0004-C	40
-9.135882	-0.45128658	AS0006-C	40
-9.306143	-1.494076	AS0022-C	40
-9.417416	-1.1497099	AS0045-C	40
-9.34326	-0.7229636	AS0052-C	40
-9.3299675	-1.6590369	AS0065-C	40
-9.458162	0.067292914	AS0066-C	40
-9.535592	-1.695862	AS0076-C	40
-9.408571	-1.6816199	AS0077-C	40
-8.295087	3.1578596	AV0007-C	40
-8.310295	3.245384	AV0027-C	40
-8.291527	3.1841772	AV0031-C	40
-8.267213	3.3072813	AV0032-C	40
-8.346678	3.4322984	AV0036-C	40
-5.7584324	-7.010574	AB0092-C	50
-5.652008	-6.5813117	AB0110-C	50
-5.6943445	-6.5163646	AB0113-C	50
-6.8058643	4.3319154	AB0117-C	50
-6.857913	3.6111434	AB0119-C	50
-5.6423764	-6.6952205	AB0142-C	50
-6.7685337	3.895428	AB0146-C	50
-6.8079724	3.3619025	AB0153-C	50
-6.874594	4.262007	AB0160-C	50
-6.7743483	4.2634683	AB0172-C	50
-6.914784	4.2781606	AB0173-C	50
-6.8256383	4.058743	AB0176-C	50
-6.895946	4.0359483	AB0179-C	50
-5.6218176	-7.171388	AB0182-C	50
-5.6327353	-6.818212	AB0187-C	50
-6.8969684	3.7984297	AB0198-C	50
-6.784945	4.353768	AB0199-C	50
-6.7605953	3.9879897	AB0201-C	50
-5.7441196	-7.279506	AB0204-C	50
-5.660882	-6.984014	AB0210-C	50
-5.661435	-7.221393	AB0223-C	50
-5.6299953	-6.821552	AB0224-C	50
-5.7313027	-6.5252337	AB0226-C	50
-5.651296	-7.0403094	AB0227-C	50
-5.6088696	-7.097507	AB0237-C	50
-7.0247426	3.8844855	AB0238-C	50
-5.6566014	-7.3636756	AB0243-C	50
-6.7986884	2.2967951	AB0253-C	50
-5.6835055	-6.798927	AB0263-C	50
-6.9068785	3.915375	AB0264-C	50
-6.8279996	4.203202	AB0265-C	50
-6.9350905	3.6886084	AB0274-C	50
-6.939032	5.025023	AC0095-C	50
-6.776839	5.0511994	AC0109-C	50
-6.875942	5.0227647	AC0111-C	50
-6.7728066	5.4328237	AC0119-C	50
-7.0021033	5.4937825	AC0147-C	50
-6.956726	5.4920087	AC0148-C	50
-6.90666	5.3602357	AC0154-C	50
-7.032263	5.0556855	AC0167-C	50
-6.8146973	5.3114705	AC0183-C	50
-6.7743745	5.2606816	AC0191-C	50
-6.807206	5.1742177	AC0196-C	50
-6.759946	5.2117314	AC0203-C	50
-4.7650537	-6.3006663	AJ0035-C	50
-5.155318	-4.955766	AJ0039-C	50
-4.432153	-6.924895	AJ0071-C	50
-4.8788176	-6.145555	AJ0072-C	50
-4.4312477	-6.9918838	AJ0078-C	50
-4.938891	-5.8062987	AJ0085-C	50
-4.946467	-6.0867934	AJ0103-C	50
-12.449576	27.6134	AK0076-C	50
-12.611018	27.654957	AK0080-C	50
-18.708637	30.056633	AK0081-C	50
-13.80101	27.250002	AK0082-C	50
-17.032583	29.380142	AK0085-C	50
-17.586426	30.125565	AK0093-C	50
-14.182709	28.046032	AK0099-C	50
-17.55454	30.250877	AK0103-C	50
-18.524708	30.90215	AK0104-C	50
-9.784994	25.166428	AK0109-C	50
-12.102791	26.880451	AK0127-C	50
-7.1549287	4.2185216	AN0011-C	50
-6.8813834	3.818579	AN0014-C	50
-6.9035788	3.9988272	AN0022-C	50
-6.9078636	3.8418334	AN0030-C	50
-6.837949	4.3257394	AN0032-C	50
-6.7614093	3.7280142	AN0037-C	50
-6.7912855	4.2637944	AN0041-C	50
-7.5601554	2.7553942	AN0053-C	50
-6.996587	3.8764784	AN0055-C	50
-6.738033	3.9345381	AN0057-C	50
-6.8794503	4.290543	AN0058-C	50
-6.7502565	4.1615014	AN0065-C	50
-7.1894455	3.5535624	AN0067-C	50
-6.707689	4.2489915	AN0069-C	50
-7.0173144	4.044104	AN0073-C	50
-6.975055	3.8114684	AN0075-C	50
-7.062924	3.853264	AN0084-C	50
-7.053218	3.7639334	AN0088-C	50
-6.96781	4.282126	AN0090-C	50
-6.857526	4.131224	AN0094-C	50
-6.96924	4.1125627	AN0096-C	50
-6.867969	4.1118207	AN0109-C	50
-6.958427	3.8718932	AN0111-C	50
-7.081971	3.9119895	AN0123-C	50
-7.436955	3.340109	AN0125-C	50
-6.4754796	4.5903573	AN0127-C	50
-6.907025	4.061312	AN0128-C	50
-6.803285	4.074879	AN0135-C	50
-7.0803494	3.5466712	AN0136-C	50
-6.964963	3.4887736	AN0140-C	50
-7.1456585	3.9148219	AN0141-C	50
-6.8112392	4.1778054	AN0143-C	50
-6.9351506	4.180815	AN0149-C	50
-6.2325583	3.8614428	AN0163-C	50
-7.715907	2.2552073	AN0166-C	50
-7.004718	4.634339	AN0167-C	50
-6.698854	4.175425	AN0168-C	50
-6.512931	4.9043775	AN0170-C	50
-7.0267186	4.032006	AN0173-C	50
-7.2405133	3.2280142	AN0175-C	50
-6.791171	4.3935037	AN0179-C	50
-7.115303	3.5828059	AN0180-C	50
-7.20991	3.4126093	AN0189-C	50
-7.297646	3.5950644	AN0194-C	50
-6.107896	4.921208	AN0197-C	50
-7.1773143	3.6104395	AN0204-C	50
-7.4470563	2.650843	AN0208-C	50
-7.0839376	4.005919	AN0213-C	50
-7.2437167	3.4450228	AN0218-C	50
-7.135992	3.212086	AN0221-C	50
-7.2095156	3.6618826	AN0223-C	50
-6.9814653	3.7856104	AN0228-C	50
-7.2223916	3.6323225	AN0229-C	50
-6.768241	4.1271596	AN0238-C	50
-6.9510098	3.926636	AN0242-C	50
-7.351203	2.5249865	AN0247-C	50
-6.8623786	4.3417935	AN0250-C	50
-7.101031	3.7598937	AN0252-C	50
-6.8578568	3.9420397	AN0272-C	50
-6.9570246	4.1734376	AN0276-C	50
-7.023284	4.018292	AN0290-C	50
-7.151266	3.918732	AN0298-C	50
-6.807515	4.104983	AN0308-C	50
-6.6343045	4.3766694	AN0317-C	50
-7.5159965	-25.30766	AR0014-C	50
-7.5075336	-24.968428	AR0034-C	50
-7.4717836	-25.128286	AR0047-C	50
-7.3408937	-25.104649	AR0057-C	50
-7.4257183	-25.227785	AR0065-C	50
-7.536616	-25.437607	AR0066-C	50
-7.5421367	-25.278503	AR0069-C	50
-7.0036755	-25.735134	AR0072-C	50
-7.4343157	-25.563839	AR0073-C	50
-7.3047037	-25.292555	AR0075-C	50
-7.663132	-25.207119	AR0079-C	50
-7.437322	-25.15261	AR0081-C	50
-7.495784	-24.930225	AR0095-C	50
-12.2249775	-1.841415	AS0004-C	50
-10.563602	-1.8492752	AS0006-C	50
-11.533498	-3.1488416	AS0022-C	50
-11.455917	-2.6056917	AS0045-C	50
-12.115337	-1.9775578	AS0052-C	50
-12.098066	-3.1191156	AS0065-C	50
-11.873592	-1.924604	AS0066-C	50
-12.366095	-3.1535242	AS0076-C	50
-12.405735	-2.947559	AS0077-C	50
-6.7497215	3.9037535	AV0007-C	50
-6.8100224	4.06556	AV0027-C	50
-6.8371625	4.0179753	AV0031-C	50
-6.830188	4.1703324	AV0032-C	50
-6.845298	4.165919	AV0036-C	50
-8.023974	-10.736645	AB0092-C	60
-7.9442616	-10.112214	AB0110-C	60
-7.92585	-9.955657	AB0113-C	60
-9.243373	6.4493575	AB0117-C	60
-9.272578	5.2905755	AB0119-C	60
-7.9164705	-10.174134	AB0142-C	60
-9.0762825	5.725513	AB0146-C	60
-9.149156	5.0471463	AB0153-C	60
-9.189381	6.597944	AB0160-C	60
-9.140755	6.283295	AB0172-C	60
-9.22911	6.43331	AB0173-C	60
-9.210211	6.1607842	AB0176-C	60
-9.360732	6.1265044	AB0179-C	60
-7.9015875	-10.828551	AB0182-C	60
-7.879358	-10.323851	AB0187-C	60
-9.066827	5.615559	AB0198-C	60
-9.128713	6.4731545	AB0199-C	60
-9.23223	6.0787873	AB0201-C	60
-7.9701552	-10.922505	AB0204-C	60
-8.090193	-10.534387	AB0210-C	60
-8.0463505	-10.866475	AB0223-C	60
-7.9137874	-10.375602	AB0224-C	60
-7.9191	-10.052651	AB0226-C	60
-7.9249997	-10.567169	AB0227-C	60
-7.9792714	-10.65351	AB0237-C	60
-9.45658	5.9510217	AB0238-C	60
-8.01263	-10.962798	AB0243-C	60
-9.160042	3.4805558	AB0253-C	60
-7.9644475	-10.395717	AB0263-C	60
-9.191145	5.916634	AB0264-C	60
-9.190093	6.0890555	AB0265-C	60
-9.363211	5.7039247	AB0274-C	60
-8.946876	7.585715	AC0095-C	60
-8.951596	7.839581	AC0109-C	60
-8.976059	7.7729735	AC0111-C	60
-9.08254	8.252807	AC0119-C	60
-9.168727	8.520954	AC0147-C	60
-9.126249	8.056985	AC0148-C	60
-9.021953	8.257712	AC0154-C	60
-9.1878605	7.57986	AC0167-C	60
-9.116607	8.118587	AC0183-C	60
-9.110599	8.142726	AC0191-C	60
-9.030441	7.8936667	AC0196-C	60
-8.840577	7.983869	AC0203-C	60
-6.6375914	-10.143596	AJ0035-C	60
-7.247021	-7.7810454	AJ0039-C	60
-6.4689803	-10.695445	AJ0071-C	60
-6.899048	-9.793841	AJ0072-C	60
-6.440095	-11.075987	AJ0078-C	60
-6.944612	-9.340777	AJ0085-C	60
-7.0522757	-9.587611	AJ0103-C	60
-10.680508	31.262144	AK0076-C	60
-11.293287	31.323847	AK0080-C	60
-18.836655	33.876373	AK0081-C	60
-12.761586	30.032097	AK0082-C	60
-18.187906	34.027153	AK0085-C	60
-16.356232	33.60211	AK0093-C	60
-13.99047	30.573046	AK0099-C	60
-15.417532	33.154278	AK0103-C	60
-20.349333	35.289066	AK0104-C	60
-7.8891582	27.56162	AK0109-C	60
-11.066323	29.77836	AK0127-C	60
-9.218785	6.054827	AN0011-C	60
-9.277377	5.628493	AN0014-C	60
-9.238536	6.054547	AN0022-C	60
-9.335461	6.1417537	AN0030-C	60
-9.137399	6.4075713	AN0032-C	60
-9.277459	5.788119	AN0037-C	60
-9.280467	6.2624927	AN0041-C	60
-10.59978	4.2350345	AN0053-C	60
-9.484407	5.8856215	AN0055-C	60
-9.277461	5.7251687	AN0057-C	60
-9.237673	6.3148685	AN0058-C	60
-9.166499	6.214007	AN0065-C	60
-9.637471	5.4028726	AN0067-C	60
-9.089712	6.1179566	AN0069-C	60
-9.370055	5.9944425	AN0073-C	60
-8.98281	5.5390744	AN0075-C	60
-9.617184	5.757837	AN0084-C	60
-9.406464	5.4707084	AN0088-C	60
-9.149566	6.514625	AN0090-C	60
-9.298141	6.138396	AN0094-C	60
-9.331793	6.2102923	AN0096-C	60
-9.22569	6.268378	AN0109-C	60
-9.342725	5.8024745	AN0111-C	60
-8.826616	5.846149	AN0123-C	60
-9.888464	4.7412543	AN0125-C	60
-8.037773	6.540829	AN0127-C	60
-9.385917	6.2327123	AN0128-C	60
-9.175967	6.098083	AN0135-C	60
-9.459052	5.2725816	AN0136-C	60
-9.2641325	5.7000346	AN0140-C	60
-9.71453	5.9697204	AN0141-C	60
-9.177359	6.124825	AN0143-C	60
-9.271566	6.204866	AN0149-C	60
-9.033269	5.7135644	AN0163-C	60
-10.736242	3.4010308	AN0166-C	60
-9.466876	6.448772	AN0167-C	60
-8.771738	6.0506854	AN0168-C	60
-8.520197	7.5291915	AN0170-C	60
-9.659051	6.573439	AN0173-C	60
-10.477261	5.670998	AN0175-C	60
-9.24024	5.749809	AN0179-C	60
-9.286045	6.0783057	AN0180-C	60
-9.966379	5.423386	AN0189-C	60
-9.9018955	5.694011	AN0194-C	60
-8.677835	6.2772555	AN0197-C	60
-9.515113	5.469093	AN0204-C	60
-10.088479	3.1573803	AN0208-C	60
-9.49012	5.966911	AN0213-C	60
-9.812604	5.3926835	AN0218-C	60
-9.639426	4.9801993	AN0221-C	60
-10.241224	6.0217404	AN0223-C	60
-9.123695	6.334455	AN0228-C	60
-9.888098	5.465488	AN0229-C	60
-9.2506895	6.4519067	AN0238-C	60
-9.427976	6.2667384	AN0242-C	60
-10.078297	3.794307	AN0247-C	60
-9.084201	6.4059577	AN0250-C	60
-9.655178	5.8036904	AN0252-C	60
-9.264855	5.8087077	AN0272-C	60
-9.372435	6.347115	AN0276-C	60
-9.231848	6.2202897	AN0290-C	60
-9.537808	5.979406	AN0298-C	60
-9.213783	6.1262136	AN0308-C	60
-9.232746	6.098474	AN0317-C	60
-4.902616	-29.978006	AR0014-C	60
-5.0040145	-29.454779	AR0034-C	60
-5.305368	-29.879904	AR0047-C	60
-4.9120536	-29.826529	AR0057-C	60
-4.9227157	-30.12051	AR0065-C	60
-5.164987	-30.33288	AR0066-C	60
-5.096788	-29.945414	AR0069-C	60
-4.323877	-30.150812	AR0072-C	60
-4.875055	-30.228662	AR0073-C	60
-4.640352	-29.764984	AR0075-C	60
-5.432142	-30.064583	AR0079-C	60
-5.0558486	-29.758595	AR0081-C	60
-4.995725	-29.301569	AR0095-C	60
-17.984158	-5.784781	AS0004-C	60
-15.300217	-3.709956	AS0006-C	60
-17.065514	-6.154135	AS0022-C	60
-16.59402	-5.3913007	AS0045-C	60
-17.455587	-5.7575135	AS0052-C	60
-17.918882	-6.0295672	AS0065-C	60
-17.470398	-5.810245	AS0066-C	60
-17.824474	-6.6668143	AS0076-C	60
-18.235924	-6.453428	AS0077-C	60
-9.164949	5.983231	AV0007-C	60
-9.0778475	6.0592036	AV0027-C	60
-9.217928	6.0130973	AV0031-C	60
-9.099428	6.0934443	AV0032-C	60
-9.271939	6.254585	AV0036-C	60
-4.293909	-9.331933	AB0092-C	70
-4.12808	-8.734819	AB0110-C	70
-4.1169195	-8.583683	AB0113-C	70
-5.069591	4.2694917	AB0117-C	70
-5.2378874	3.3463528	AB0119-C	70
-4.1198354	-8.847279	AB0142-C	70
-5.0330234	3.6887143	AB0146-C	70
-4.91695	3.0363524	AB0153-C	70
-5.080806	4.298182	AB0160-C	70
-4.969134	4.1570916	AB0172-C	70
-5.1218634	4.1234593	AB0173-C	70
-5.0920324	3.8536875	AB0176-C	70
-5.188053	3.911278	AB0179-C	70
-4.166988	-9.3377905	AB0182-C	70
-4.117214	-8.944395	AB0187-C	70
-4.997398	3.6492112	AB0198-C	70
-5.0005198	4.158174	AB0199-C	70
-5.10422	3.937713	AB0201-C	70
-4.2171764	-9.483317	AB0204-C	70
-4.277047	-9.134651	AB0210-C	70
-4.243506	-9.401693	AB0223-C	70
-4.0860515	-8.9147	AB0224-C	70
-4.158522	-8.66198	AB0226-C	70
-4.1267657	-9.168293	AB0227-C	70
-4.1860175	-9.252218	AB0237-C	70
-5.242042	3.8551219	AB0238-C	70
-4.237293	-9.502752	AB0243-C	70
-5.0753565	1.5736431	AB0253-C	70
-4.213246	-8.9925375	AB0263-C	70
-5.0645685	3.7677844	AB0264-C	70
-5.06556	4.0549836	AB0265-C	70
-5.23	3.574445	AB0274-C	70
-4.7488027	6.196999	AC0095-C	70
-4.6108055	6.3317056	AC0109-C	70
-4.5575037	6.5676856	AC0111-C	70
-4.614034	6.88537	AC0119-C	70
-4.881115	6.781814	AC0147-C	70
-4.7345133	6.6473336	AC0148-C	70
-4.656906	6.8026786	AC0154-C	70
-4.900205	5.9995465	AC0167-C	70
-4.697791	6.7527204	AC0183-C	70
-4.6748405	6.7157884	AC0191-C	70
-4.770877	6.3533807	AC0196-C	70
-4.6390457	6.5719085	AC0203-C	70
-3.6848598	-6.4334846	AJ0035-C	70
-4.157188	-5.173366	AJ0039-C	70
-3.5440834	-6.902942	AJ0071-C	70
-3.948487	-6.3846736	AJ0072-C	70
-3.6696007	-7.0519023	AJ0078-C	70
-3.8787677	-6.1437707	AJ0085-C	70
-4.0629034	-6.310744	AJ0103-C	70
-4.4862475	27.541992	AK0076-C	70
-4.349018	27.61911	AK0080-C	70
-14.203231	30.616098	AK0081-C	70
-5.61953	25.225327	AK0082-C	70
-14.22245	30.647552	AK0085-C	70
-9.886816	29.544697	AK0093-C	70
-7.419508	25.950195	AK0099-C	70
-9.443947	29.029858	AK0103-C	70
-16.396902	31.959488	AK0104-C	70
-2.16927	22.08464	AK0109-C	70
-4.099284	25.017279	AK0127-C	70
-5.1492662	3.8350728	AN0011-C	70
-5.17917	3.7057946	AN0014-C	70
-5.0962143	3.8734267	AN0022-C	70
-5.3317122	3.74004	AN0030-C	70
-5.0188384	4.253074	AN0032-C	70
-5.123202	3.6461813	AN0037-C	70
-5.091454	4.1974483	AN0041-C	70
-6.4722767	2.407324	AN0053-C	70
-5.395424	3.7244189	AN0055-C	70
-5.10742	3.8155892	AN0057-C	70
-5.102446	4.200688	AN0058-C	70
-5.0389385	4.096769	AN0065-C	70
-5.5663476	3.5255263	AN0067-C	70
-5.0059385	4.1236825	AN0069-C	70
-5.262362	3.8937228	AN0073-C	70
-4.9994674	3.8105567	AN0075-C	70
-5.501464	3.625954	AN0084-C	70
-5.3306265	3.3474467	AN0088-C	70
-5.1611705	4.3629794	AN0090-C	70
-5.186655	4.0478654	AN0094-C	70
-5.187445	4.2654634	AN0096-C	70
-5.066747	4.0715604	AN0109-C	70
-5.237541	3.75091	AN0111-C	70
-5.1347394	3.6267292	AN0123-C	70
-5.494037	3.2607176	AN0125-C	70
-4.3909326	4.6650815	AN0127-C	70
-5.2609024	4.016047	AN0128-C	70
-4.9790177	3.9352086	AN0135-C	70
-5.4654455	3.2369597	AN0136-C	70
-5.298374	3.4071743	AN0140-C	70
-5.581498	3.764211	AN0141-C	70
-5.0301003	3.9621165	AN0143-C	70
-5.0994697	4.037396	AN0149-C	70
-4.994719	3.5336516	AN0163-C	70
-6.6206064	1.8458217	AN0166-C	70
-5.2972875	4.345757	AN0167-C	70
-5.2467637	3.7827036	AN0168-C	70
-4.530406	5.911587	AN0170-C	70
-5.342542	4.406298	AN0173-C	70
-6.0269747	3.3596919	AN0175-C	70
-5.218702	3.7874415	AN0179-C	70
-5.856201	3.5313094	AN0180-C	70
-5.8742795	3.2480872	AN0189-C	70
-5.8237033	3.4341385	AN0194-C	70
-4.7616224	4.362923	AN0197-C	70
-5.3446255	3.506018	AN0204-C	70
-6.3934984	1.2859882	AN0208-C	70
-5.392415	3.9365685	AN0213-C	70
-5.69967	3.3028548	AN0218-C	70
-5.640137	3.0594313	AN0221-C	70
-5.6462746	3.5024874	AN0223-C	70
-5.1236954	3.7790225	AN0228-C	70
-5.8688617	3.5013125	AN0229-C	70
-5.1268725	4.10115	AN0238-C	70
-5.307395	3.945532	AN0242-C	70
-6.037216	2.2332728	AN0247-C	70
-5.0415916	4.3153844	AN0250-C	70
-5.679486	3.5777695	AN0252-C	70
-5.171847	3.7623541	AN0272-C	70
-5.1981683	4.214886	AN0276-C	70
-5.1697683	3.9605887	AN0290-C	70
-5.5113873	3.8832934	AN0298-C	70
-4.998806	4.031426	AN0308-C	70
-5.0236325	4.1526294	AN0317-C	70
-1.8547938	-25.758324	AR0014-C	70
-1.9442866	-25.263714	AR0034-C	70
-2.0264742	-25.606169	AR0047-C	70
-1.8359988	-25.573082	AR0057-C	70
-1.8431475	-25.752483	AR0065-C	70
-2.0057375	-25.921701	AR0066-C	70
-1.9414103	-25.582003	AR0069-C	70
-1.869221	-25.910807	AR0072-C	70
-1.8342974	-25.83503	AR0073-C	70
-1.7447474	-25.491356	AR0075-C	70
-2.057667	-25.60601	AR0079-C	70
-1.8866236	-25.549055	AR0081-C	70
-1.845135	-25.203667	AR0095-C	70
-16.046267	-4.611552	AS0004-C	70
-12.8307295	-3.004111	AS0006-C	70
-15.166911	-4.764055	AS0022-C	70
-14.535873	-4.0693774	AS0045-C	70
-15.807934	-4.695947	AS0052-C	70
-15.929468	-4.9300494	AS0065-C	70
-15.565579	-4.6098857	AS0066-C	70
-16.278404	-5.2855163	AS0076-C	70
-16.553726	-5.3613515	AS0077-C	70
-5.1116037	3.8708537	AV0007-C	70
-4.9741526	3.956672	AV0027-C	70
-5.1364036	3.8892157	AV0031-C	70
-4.9889083	4.0283036	AV0032-C	70
-5.076244	4.0530686	AV0036-C	70
-3.763084	-9.280508	AB0092-C	80
-3.6271043	-8.687912	AB0110-C	80
-3.6253273	-8.54991	AB0113-C	80
-4.386403	3.47859	AB0117-C	80
-4.631272	2.6387415	AB0119-C	80
-3.6219351	-8.8136015	AB0142-C	80
-4.44105	3.0077114	AB0146-C	80
-4.3203554	2.3755913	AB0153-C	80
-4.393101	3.5184994	AB0160-C	80
-4.360964	3.4227867	AB0172-C	80
-4.5296755	3.3604565	AB0173-C	80
-4.488173	3.12788	AB0176-C	80
-4.541927	3.1743622	AB0179-C	80
-3.6570854	-9.265854	AB0182-C	80
-3.6244888	-8.893042	AB0187-C	80
-4.429367	2.957837	AB0198-C	80
-4.440381	3.36372	AB0199-C	80
-4.4822807	3.1965103	AB0201-C	80
-3.7018077	-9.423241	AB0204-C	80
-3.7617853	-9.073558	AB0210-C	80
-3.7039769	-9.350815	AB0223-C	80
-3.5659354	-8.841276	AB0224-C	80
-3.6520123	-8.625622	AB0226-C	80
-3.6084085	-9.125729	AB0227-C	80
-3.6524038	-9.2035265	AB0237-C	80
-4.579757	3.1416864	AB0238-C	80
-3.7061322	-9.435495	AB0243-C	80
-4.622537	1.0141937	AB0253-C	80
-3.7021093	-8.9485855	AB0263-C	80
-4.5012646	2.999898	AB0264-C	80
-4.4654856	3.34025	AB0265-C	80
-4.555716	2.8354034	AB0274-C	80
-3.8385358	5.8608265	AC0095-C	80
-3.7099946	6.0205326	AC0109-C	80
-3.657863	6.2650585	AC0111-C	80
-3.6582778	6.5623684	AC0119-C	80
-3.9324186	6.3762913	AC0147-C	80
-3.800907	6.3141117	AC0148-C	80
-3.752377	6.437729	AC0154-C	80
-3.9631093	5.6372604	AC0167-C	80
-3.750294	6.407221	AC0183-C	80
-3.7647943	6.3699017	AC0191-C	80
-3.8423743	5.968292	AC0196-C	80
-3.7738163	6.1939106	AC0203-C	80
-3.8609352	-5.5747795	AJ0035-C	80
-4.1266546	-4.5569572	AJ0039-C	80
-3.6971922	-6.037635	AJ0071-C	80
-3.9816554	-5.649478	AJ0072-C	80
-3.7722507	-6.1397266	AJ0078-C	80
-3.8732445	-5.4308243	AJ0085-C	80
-4.0985765	-5.5831327	AJ0103-C	80
-0.60363805	26.366158	AK0076-C	80
-0.51327777	26.464973	AK0080-C	80
-9.595931	29.202374	AK0081-C	80
-2.4433193	23.884031	AK0082-C	80
-12.462419	30.806725	AK0085-C	80
-4.573719	28.212101	AK0093-C	80
-3.6591973	24.52404	AK0099-C	80
-4.6109204	27.676552	AK0103-C	80
-13.452296	31.434242	AK0104-C	80
0.24877375	20.662628	AK0109-C	80
-0.49504372	23.461803	AK0127-C	80
-4.5515537	3.0914679	AN0011-C	80
-4.579827	2.9849901	AN0014-C	80
-4.4543643	3.1689444	AN0022-C	80
-4.7186036	2.9394474	AN0030-C	80
-4.356951	3.5618362	AN0032-C	80
-4.471456	2.9315643	AN0037-C	80
-4.454275	3.5267897	AN0041-C	80
-6.0660667	1.6536294	AN0053-C	80
-4.7436357	2.9854069	AN0055-C	80
-4.4675403	3.1387806	AN0057-C	80
-4.456841	3.5122967	AN0058-C	80
-4.4306836	3.385067	AN0065-C	80
-4.950581	2.8413773	AN0067-C	80
-4.417978	3.4363146	AN0069-C	80
-4.5136647	3.2167358	AN0073-C	80
-4.3683853	3.2225895	AN0075-C	80
-4.818634	2.8972893	AN0084-C	80
-4.897818	2.5677967	AN0088-C	80
-4.4492555	3.6538677	AN0090-C	80
-4.540533	3.3265047	AN0094-C	80
-4.493611	3.633401	AN0096-C	80
-4.4087315	3.3398504	AN0109-C	80
-4.678634	3.055128	AN0111-C	80
-4.574127	2.7996674	AN0123-C	80
-4.946516	2.6130562	AN0125-C	80
-3.785697	3.794322	AN0127-C	80
-4.5653114	3.319686	AN0128-C	80
-4.377844	3.2264156	AN0135-C	80
-4.8200116	2.530301	AN0136-C	80
-4.6729255	2.6016216	AN0140-C	80
-4.8943534	3.052065	AN0141-C	80
-4.3864274	3.2343292	AN0143-C	80
-4.4211	3.3045025	AN0149-C	80
-4.4587536	2.6332912	AN0163-C	80
-6.116504	1.2206765	AN0166-C	80
-4.5263615	3.6607885	AN0167-C	80
-4.599837	2.971218	AN0168-C	80
-3.750802	5.5127954	AN0170-C	80
-4.5856237	3.7807674	AN0173-C	80
-5.4605074	2.8012943	AN0175-C	80
-4.591279	2.923502	AN0179-C	80
-5.6546955	2.6534653	AN0180-C	80
-5.3004413	2.4822044	AN0189-C	80
-5.137523	2.6673374	AN0194-C	80
-4.055922	3.4843874	AN0197-C	80
-4.6951265	2.9096718	AN0204-C	80
-5.3821096	0.6431705	AN0208-C	80
-4.6601195	3.267373	AN0213-C	80
-4.980712	2.60744	AN0218-C	80
-4.887499	2.4161568	AN0221-C	80
-4.6868033	3.1573486	AN0223-C	80
-4.4467955	2.9941425	AN0228-C	80
-5.177169	2.820859	AN0229-C	80
-4.491678	3.3411446	AN0238-C	80
-4.635872	3.1500788	AN0242-C	80
-5.4105678	1.6542016	AN0247-C	80
-4.3495803	3.595646	AN0250-C	80
-5.0129924	2.8397436	AN0252-C	80
-4.529459	3.028101	AN0272-C	80
-4.4642115	3.5063019	AN0276-C	80
-4.4816585	3.237259	AN0290-C	80
-4.720938	3.1364212	AN0298-C	80
-4.401869	3.388897	AN0308-C	80
-4.368012	3.5113926	AN0317-C	80
-1.000019	-23.185438	AR0014-C	80
-1.0244216	-22.731697	AR0034-C	80
-1.1191672	-23.04196	AR0047-C	80
-0.98685443	-22.989464	AR0057-C	80
-0.9644202	-23.139479	AR0065-C	80
-1.0914878	-23.293163	AR0066-C	80
-1.0210418	-22.983515	AR0069-C	80
-0.8271369	-23.21027	AR0072-C	80
-0.9507483	-23.191013	AR0073-C	80
-0.8814658	-22.894169	AR0075-C	80
-1.1121405	-22.983173	AR0079-C	80
-1.0156173	-22.985497	AR0081-C	80
-0.98644626	-22.676718	AR0095-C	80
-16.140846	-4.9672375	AS0004-C	80
-13.13388	-3.2387571	AS0006-C	80
-15.712305	-4.976964	AS0022-C	80
-14.895845	-4.362174	AS0045-C	80
-16.217186	-4.966386	AS0052-C	80
-16.463934	-5.2683887	AS0065-C	80
-15.735405	-4.935728	AS0066-C	80
-17.016542	-5.495968	AS0076-C	80
-17.187944	-5.754733	AS0077-C	80
-4.4799004	3.2081938	AV0007-C	80
-4.398274	3.266429	AV0027-C	80
-4.5149283	3.1818142	AV0031-C	80
-4.386655	3.309126	AV0032-C	80
-4.4037147	3.32547	AV0036-C	80
-3.6957645	-9.354523	AB0092-C	90
-3.566173	-8.7893715	AB0110-C	90
-3.5900922	-8.64368	AB0113-C	90
-4.1318216	2.8749287	AB0117-C	90
-4.4260273	2.125579	AB0119-C	90
-3.578548	-8.897939	AB0142-C	90
-4.2097893	2.4404814	AB0146-C	90
-4.1364484	1.8159727	AB0153-C	90
-4.1641483	2.9350188	AB0160-C	90
-4.1486373	2.8347495	AB0172-C	90
-4.3821893	2.8060343	AB0173-C	90
-4.2634416	2.5799592	AB0176-C	90
-4.2852807	2.5859988	AB0179-C	90
-3.605373	-9.343713	AB0182-C	90
-3.5649025	-8.953376	AB0187-C	90
-4.213187	2.3825648	AB0198-C	90
-4.1851416	2.7776234	AB0199-C	90
-4.2829275	2.5618794	AB0201-C	90
-3.6159692	-9.492591	AB0204-C	90
-3.6892068	-9.185487	AB0210-C	90
-3.6225529	-9.41171	AB0223-C	90
-3.5171063	-8.930779	AB0224-C	90
-3.6089945	-8.743674	AB0226-C	90
-3.5317113	-9.204229	AB0227-C	90
-3.5609097	-9.287061	AB0237-C	90
-4.3044972	2.5690386	AB0238-C	90
-3.6263914	-9.5106535	AB0243-C	90
-4.1689296	0.6530526	AB0253-C	90
-3.680146	-9.020768	AB0263-C	90
-4.3075995	2.412329	AB0264-C	90
-4.1906447	2.7706826	AB0265-C	90
-4.3772025	2.3186085	AB0274-C	90
-3.3510964	5.5278134	AC0095-C	90
-3.2650537	5.6812396	AC0109-C	90
-3.0864828	5.986261	AC0111-C	90
-3.0926244	6.1800113	AC0119-C	90
-3.4678571	5.963589	AC0147-C	90
-3.2546809	5.9086385	AC0148-C	90
-3.2273095	6.0710807	AC0154-C	90
-3.4811232	5.2575088	AC0167-C	90
-3.174292	6.062177	AC0183-C	90
-3.2217348	6.011454	AC0191-C	90
-3.4296212	5.5666785	AC0196-C	90
-3.3475304	5.830112	AC0203-C	90
-4.061995	-5.36811	AJ0035-C	90
-4.0992036	-4.62221	AJ0039-C	90
-3.853325	-5.7654386	AJ0071-C	90
-4.1846104	-5.4472766	AJ0072-C	90
-4.073151	-5.8381	AJ0078-C	90
-4.1183653	-5.311917	AJ0085-C	90
-4.2289996	-5.432652	AJ0103-C	90
1.5730947	25.13722	AK0076-C	90
1.4468584	25.245268	AK0080-C	90
-7.885856	27.376177	AK0081-C	90
-0.4182411	22.21352	AK0082-C	90
-11.635826	29.136929	AK0085-C	90
-2.4315927	26.585308	AK0093-C	90
-1.7777158	23.106693	AK0099-C	90
-2.508278	26.402668	AK0103-C	90
-12.07206	29.697544	AK0104-C	90
1.1449908	20.002193	AK0109-C	90
0.9946979	22.099777	AK0127-C	90
-4.309007	2.4504502	AN0011-C	90
-4.3301506	2.4693558	AN0014-C	90
-4.2093234	2.6185668	AN0022-C	90
-4.5626826	2.4314177	AN0030-C	90
-4.1043777	3.0295975	AN0032-C	90
-4.294602	2.4197514	AN0037-C	90
-4.20552	3.0268624	AN0041-C	90
-6.2247696	1.0882038	AN0053-C	90
-4.6348314	2.5344164	AN0055-C	90
-4.2558928	2.6127093	AN0057-C	90
-4.201635	2.9660141	AN0058-C	90
-4.12352	2.8474486	AN0065-C	90
-4.7271347	2.3413975	AN0067-C	90
-4.1539116	2.892814	AN0069-C	90
-4.3037186	2.669308	AN0073-C	90
-4.1161017	2.7753394	AN0075-C	90
-4.5814385	2.3873265	AN0084-C	90
-4.6362233	1.9528536	AN0088-C	90
-4.2346697	3.1273758	AN0090-C	90
-4.2510147	2.806226	AN0094-C	90
-4.188844	3.166261	AN0096-C	90
-4.1446404	2.7625859	AN0109-C	90
-4.4521966	2.5267699	AN0111-C	90
-4.419447	2.3546154	AN0123-C	90
-4.931267	1.8315023	AN0125-C	90
-3.7094977	3.0276902	AN0127-C	90
-4.3211775	2.7907498	AN0128-C	90
-4.1025586	2.6809819	AN0135-C	90
-4.6736374	2.0306618	AN0136-C	90
-4.5586133	2.0513165	AN0140-C	90
-4.5914564	2.516124	AN0141-C	90
-4.1682363	2.6648228	AN0143-C	90
-4.2211304	2.7564213	AN0149-C	90
-4.361204	2.1469624	AN0163-C	90
-6.1809072	0.7898591	AN0166-C	90
-4.2319927	3.1853993	AN0167-C	90
-4.524977	2.351744	AN0168-C	90
-3.363109	4.8299155	AN0170-C	90
-4.3257766	3.361976	AN0173-C	90
-4.9471083	2.4348118	AN0175-C	90
-4.460676	2.3338559	AN0179-C	90
-5.5108376	2.1722767	AN0180-C	90
-5.2467027	2.0122874	AN0189-C	90
-5.097485	2.1540463	AN0194-C	90
-3.990616	2.7946541	AN0197-C	90
-4.4427032	2.4423954	AN0204-C	90
-6.897375	0.16040261	AN0208-C	90
-4.418697	2.741173	AN0213-C	90
-5.029304	2.1261446	AN0218-C	90
-4.7140455	1.943045	AN0221-C	90
-4.3921227	2.6327517	AN0223-C	90
-4.3838687	2.4798653	AN0228-C	90
-5.00176	2.348821	AN0229-C	90
-4.316767	2.7668736	AN0238-C	90
-4.4657807	2.6272957	AN0242-C	90
-5.436303	1.1931204	AN0247-C	90
-4.1668196	3.0455945	AN0250-C	90
-4.969511	2.3030016	AN0252-C	90
-4.325084	2.4869444	AN0272-C	90
-4.1934986	2.9574578	AN0276-C	90
-4.262285	2.689132	AN0290-C	90
-4.5623074	2.6194842	AN0298-C	90
-4.121079	2.8422062	AN0308-C	90
-4.0447516	2.9566472	AN0317-C	90
-0.35820046	-20.326046	AR0014-C	90
-0.41904873	-19.974188	AR0034-C	90
-0.428883	-20.212023	AR0047-C	90
-0.33788723	-20.149092	AR0057-C	90
-0.34244573	-20.294628	AR0065-C	90
-0.37768596	-20.371677	AR0066-C	90
-0.3938756	-20.195724	AR0069-C	90
-0.33201832	-20.336037	AR0072-C	90
-0.288113	-20.327883	AR0073-C	90
-0.30432165	-20.093628	AR0075-C	90
-0.43457836	-20.15821	AR0079-C	90
-0.39641228	-20.18404	AR0081-C	90
-0.38165325	-19.910625	AR0095-C	90
-16.751614	-5.1867213	AS0004-C	90
-13.881643	-3.2926404	AS0006-C	90
-16.642258	-4.9918647	AS0022-C	90
-15.69118	-4.4242463	AS0045-C	90
-16.723003	-5.1551204	AS0052-C	90
-17.246922	-5.3844323	AS0065-C	90
-16.26522	-5.214295	AS0066-C	90
-17.989374	-5.557592	AS0076-C	90
-17.979597	-6.001454	AS0077-C	90
-4.1671424	2.7027724	AV0007-C	90
-4.1340976	2.7291071	AV0027-C	90
-4.28846	2.659921	AV0031-C	90
-4.128	2.7657483	AV0032-C	90
-4.0997634	2.7549355	AV0036-C	90
