0	1	sampleID	epoch
106.12669	-39.453506	AB0089-C	0
91.12984	-39.354465	AB0097-C	0
99.44367	-39.37647	AB0098-C	0
90.1987	-39.33052	AB0111-C	0
77.86272	-39.208458	AB0112-C	0
81.39118	-39.59474	AB0119-C	0
82.23389	-39.436935	AB0123-C	0
85.64204	-39.679302	AB0127-C	0
72.088425	-39.95294	AB0130-C	0
90.01912	-39.6489	AB0134-C	0
83.47504	-39.59063	AB0147-C	0
82.81659	-39.343304	AB0155-C	0
78.027214	-39.659798	AB0160-C	0
85.17784	-39.66321	AB0166-C	0
90.59883	-39.741158	AB0172-C	0
83.539696	-39.842293	AB0173-C	0
78.484375	-40.014385	AB0176-C	0
90.6067	-39.689796	AB0179-C	0
103.242004	-39.748528	AB0182-C	0
83.46067	-39.294228	AB0187-C	0
70.85227	-39.658844	AB0199-C	0
78.18168	-39.502945	AB0201-C	0
85.16568	-39.45594	AB0202-C	0
51.202583	-39.579536	AB0209-C	0
57.126736	-39.154976	AB0210-C	0
69.354225	-39.052673	AB0219-C	0
63.32927	-39.450233	AB0223-C	0
84.71193	-39.107643	AB0228-C	0
83.256836	-38.95459	AC0097-C	0
84.91468	-38.92904	AC0110-C	0
76.79718	-39.40683	AC0114-C	0
79.46435	-38.784073	AC0116-C	0
85.43376	-39.265274	AC0122-C	0
84.92349	-39.107727	AC0142-C	0
82.433304	-38.837204	AC0147-C	0
84.059074	-39.275078	AC0148-C	0
87.8147	-38.9021	AC0150-C	0
75.3665	-39.0342	AC0160-C	0
74.41685	-38.83786	AC0164-C	0
84.559074	-38.837147	AC0170-C	0
86.79224	-38.84549	AC0172-C	0
74.80195	-39.498596	AC0173-C	0
83.404854	-39.06089	AC0183-C	0
87.98013	-39.27552	AC0190-C	0
87.912834	-39.146103	AC0194-C	0
79.42886	-38.61162	AC0195-C	0
78.09654	-39.438255	AC0201-C	0
81.36256	-38.448215	AC0202-C	0
79.70131	-38.211212	AJ0023-C	0
63.91156	-38.796234	AJ0036-C	0
87.651924	-38.849022	AJ0043-C	0
90.96301	-38.566463	AJ0045-C	0
83.21764	-38.145073	AJ0052-C	0
84.96657	-38.73492	AJ0066-C	0
87.15484	-38.95169	AJ0070-C	0
58.648186	-39.165314	AJ0074-C	0
69.26782	-38.87686	AJ0081-C	0
107.83357	-38.486145	AJ0085-C	0
88.64667	-38.14177	AJ0090-C	0
65.79112	-38.433434	AJ0096-C	0
67.491104	-39.08937	AJ0100-C	0
94.33478	-38.11201	AJ0105-C	0
84.1231	-39.175255	AJ0113-C	0
76.14589	-38.375813	AJ0116-C	0
94.742744	-39.91893	AK0066-C	0
135.8048	-37.17125	AK0074-C	0
40.37165	-37.051476	AK0079-C	0
106.637886	-40.7101	AK0081-C	0
68.61818	-43.039932	AK0085-C	0
148.3529	-43.00703	AK0088-C	0
84.39847	-36.842888	AK0094-C	0
84.33937	-39.661	AK0095-C	0
161.53549	-38.763046	AK0098-C	0
178.31729	-37.818092	AK0103-C	0
158.01569	-36.69688	AK0127-C	0
86.97305	-37.72455	AN0020-C	0
79.266884	-39.33768	AN0027-C	0
84.566956	-39.37743	AN0028-C	0
71.556404	-39.560753	AN0031-C	0
85.17415	-39.581764	AN0038-C	0
85.933754	-39.271317	AN0043-C	0
78.12478	-39.638027	AN0067-C	0
78.45898	-39.398888	AN0079-C	0
62.055984	-39.65736	AN0080-C	0
94.70063	-39.59958	AN0083-C	0
89.2136	-39.530014	AN0086-C	0
73.634605	-39.567566	AN0088-C	0
80.81105	-39.857002	AN0091-C	0
81.99762	-39.590424	AN0094-C	0
76.92173	-39.583656	AN0095-C	0
71.523346	-39.48282	AN0096-C	0
84.453316	-39.352158	AN0098-C	0
84.72383	-39.650265	AN0099-C	0
82.1926	-39.25254	AN0108-C	0
88.92844	-39.47246	AN0109-C	0
81.826996	-39.182724	AN0112-C	0
80.63217	-39.731133	AN0113-C	0
87.05166	-39.098995	AN0115-C	0
80.54472	-38.43802	AN0147-C	0
74.70033	-40.98877	AN0163-C	0
79.14604	-38.88431	AN0166-C	0
81.61471	-38.778168	AN0171-C	0
89.14739	-40.590225	AN0174-C	0
84.85417	-38.807343	AN0188-C	0
74.096375	-39.827255	AN0189-C	0
85.54055	-39.328827	AN0198-C	0
93.77648	-38.88752	AN0199-C	0
95.73326	-38.949196	AN0204-C	0
89.778824	-39.37037	AN0222-C	0
75.15462	-39.694916	AN0223-C	0
75.582436	-39.934826	AN0235-C	0
76.68402	-39.645023	AN0236-C	0
80.09018	-39.204536	AN0237-C	0
78.17691	-40.032402	AN0247-C	0
95.74437	-40.365288	AN0256-C	0
82.954796	-39.209923	AN0266-C	0
90.29558	-39.795464	AN0267-C	0
90.55543	-39.517475	AN0287-C	0
82.769035	-38.757805	AN0297-C	0
60.91902	-38.98457	AN0301-C	0
83.73962	-40.791275	AN0303-C	0
74.2706	-39.0285	AN0308-C	0
71.08527	-39.459244	AN0312-C	0
95.55414	-39.55829	AN0313-C	0
77.4486	-35.51551	AR0007-C	0
75.085655	-35.15644	AR0010-C	0
84.29575	-35.596138	AR0059-C	0
79.81172	-35.15123	AR0062-C	0
86.35874	-35.70952	AR0066-C	0
76.33023	-35.19663	AR0070-C	0
83.90083	-35.332775	AR0076-C	0
77.31132	-35.26603	AR0084-C	0
84.25652	-35.754387	AR0093-C	0
76.9132	-35.55818	AR0096-C	0
75.488686	-40.628593	AS0003-C	0
79.48835	-39.508873	AS0011-C	0
85.22358	-40.47928	AS0018-C	0
84.72669	-39.471203	AS0028-C	0
90.428375	-40.192127	AS0032-C	0
82.15958	-38.283005	AS0034-C	0
78.77184	-39.64467	AS0039-C	0
86.029594	-39.286446	AS0045-C	0
87.4973	-39.560966	AS0065-C	0
83.32134	-39.43208	AS0073-C	0
79.66359	-39.875504	AS0074-C	0
95.818886	-39.51861	AV0002-C	0
97.22784	-39.652103	AV0003-C	0
76.59001	-39.533226	AV0009-C	0
75.71056	-39.35028	AV0010-C	0
78.70887	-39.478115	AV0012-C	0
71.55389	-40.07824	AV0018-C	0
83.60218	-39.73716	AV0033-C	0
84.51875	-39.33992	AV0036-C	0
7.922173	-11.730216	AB0089-C	10
7.8930774	-11.591342	AB0097-C	10
7.93514	-11.557466	AB0098-C	10
7.855227	-11.797856	AB0111-C	10
7.89619	-11.61071	AB0112-C	10
10.856554	-6.3188634	AB0119-C	10
7.9483876	-11.559583	AB0123-C	10
11.217936	-5.778279	AB0127-C	10
11.025095	-6.225865	AB0130-C	10
11.148697	-5.8394804	AB0134-C	10
11.076043	-6.085453	AB0147-C	10
11.107386	-6.032297	AB0155-C	10
11.183371	-5.980031	AB0160-C	10
11.303312	-5.8003626	AB0166-C	10
11.042517	-6.064079	AB0172-C	10
11.0727215	-6.180731	AB0173-C	10
11.102775	-6.0791745	AB0176-C	10
11.09502	-6.0231614	AB0179-C	10
7.8215537	-12.156155	AB0182-C	10
7.826615	-12.001864	AB0187-C	10
11.240049	-5.9478817	AB0199-C	10
11.215431	-5.9631424	AB0201-C	10
11.116434	-6.123766	AB0202-C	10
7.850497	-11.910682	AB0209-C	10
7.9213557	-11.524857	AB0210-C	10
7.967091	-11.385977	AB0219-C	10
7.7871747	-12.072713	AB0223-C	10
11.091694	-5.8957386	AB0228-C	10
11.54006	-5.2550673	AC0097-C	10
11.436436	-5.5498476	AC0110-C	10
11.472899	-5.642382	AC0114-C	10
11.456636	-5.584223	AC0116-C	10
11.46488	-5.5436854	AC0122-C	10
11.517839	-5.2395916	AC0142-C	10
11.571571	-5.2912683	AC0147-C	10
11.847931	-4.8735175	AC0148-C	10
11.290915	-5.6469526	AC0150-C	10
11.374207	-5.5644226	AC0160-C	10
11.25242	-5.78485	AC0164-C	10
11.189814	-5.96781	AC0170-C	10
11.399228	-5.565969	AC0172-C	10
11.543728	-5.422536	AC0173-C	10
11.429516	-5.508487	AC0183-C	10
11.258028	-5.9189725	AC0190-C	10
11.345303	-5.849296	AC0194-C	10
11.211458	-5.6461096	AC0195-C	10
11.62007	-5.3929157	AC0201-C	10
11.107072	-5.931744	AC0202-C	10
9.862669	-4.9466844	AJ0023-C	10
9.890613	-5.053626	AJ0036-C	10
9.67659	-5.2180896	AJ0043-C	10
10.072767	-4.6589265	AJ0045-C	10
10.115199	-4.339145	AJ0052-C	10
9.740488	-5.501016	AJ0066-C	10
9.734707	-5.63848	AJ0070-C	10
9.733841	-5.170555	AJ0074-C	10
9.274151	-6.2273784	AJ0081-C	10
9.603874	-5.595254	AJ0085-C	10
9.961948	-4.523849	AJ0090-C	10
10.047671	-4.3634543	AJ0096-C	10
9.77061	-4.753248	AJ0100-C	10
9.829746	-4.933786	AJ0105-C	10
9.933971	-5.466408	AJ0113-C	10
9.94407	-4.0669384	AJ0116-C	10
41.569214	23.737946	AK0066-C	10
41.067276	25.476643	AK0074-C	10
40.943214	25.393198	AK0079-C	10
43.27832	25.654358	AK0081-C	10
41.03486	22.608582	AK0085-C	10
42.926434	23.1297	AK0088-C	10
38.563442	22.922523	AK0094-C	10
41.60427	23.353529	AK0095-C	10
44.478058	25.934706	AK0098-C	10
42.761017	25.364025	AK0103-C	10
41.085213	23.689081	AK0127-C	10
10.991108	-5.1081862	AN0020-C	10
11.402144	-5.4402504	AN0027-C	10
10.910299	-6.4000993	AN0028-C	10
11.277668	-5.693364	AN0031-C	10
11.086693	-6.1341496	AN0038-C	10
11.02661	-5.988516	AN0043-C	10
11.25249	-5.9735374	AN0067-C	10
11.13144	-6.0307374	AN0079-C	10
11.0582075	-6.0371027	AN0080-C	10
11.18635	-5.878217	AN0083-C	10
11.21126	-5.9331846	AN0086-C	10
10.971638	-6.1455426	AN0088-C	10
11.332613	-5.9552426	AN0091-C	10
11.151073	-5.9869676	AN0094-C	10
10.673996	-6.769446	AN0095-C	10
11.247708	-5.743947	AN0096-C	10
11.127266	-6.0225143	AN0098-C	10
11.295029	-5.797889	AN0099-C	10
11.271788	-5.714373	AN0108-C	10
11.038204	-6.0117583	AN0109-C	10
11.129391	-5.9770274	AN0112-C	10
11.04973	-6.0144534	AN0113-C	10
11.139983	-5.926076	AN0115-C	10
11.523832	-4.9487076	AN0147-C	10
11.484575	-5.440563	AN0163-C	10
10.471468	-7.005669	AN0166-C	10
12.133017	-3.806086	AN0171-C	10
11.027258	-5.9096417	AN0174-C	10
11.161042	-5.82112	AN0188-C	10
10.88796	-6.523737	AN0189-C	10
11.099403	-5.9868116	AN0198-C	10
10.570042	-6.63621	AN0199-C	10
10.738396	-6.5253973	AN0204-C	10
11.035061	-6.057032	AN0222-C	10
12.059511	-4.4219975	AN0223-C	10
11.095304	-6.0041523	AN0235-C	10
10.84087	-6.250244	AN0236-C	10
11.114547	-5.878406	AN0237-C	10
10.589831	-6.884222	AN0247-C	10
11.042686	-5.9397607	AN0256-C	10
10.74877	-6.3850694	AN0266-C	10
11.772135	-5.106723	AN0267-C	10
11.360102	-5.5386696	AN0287-C	10
10.8357315	-6.4152365	AN0297-C	10
11.131798	-5.9017572	AN0301-C	10
10.96302	-6.272022	AN0303-C	10
11.241411	-5.7668266	AN0308-C	10
10.816262	-6.519506	AN0312-C	10
11.02701	-6.07396	AN0313-C	10
2.1925378	-35.631714	AR0007-C	10
2.4952283	-35.472237	AR0010-C	10
2.3465867	-35.0073	AR0059-C	10
2.2188153	-35.23323	AR0062-C	10
2.195024	-35.9282	AR0066-C	10
2.3515887	-35.10626	AR0070-C	10
2.6286283	-34.9902	AR0076-C	10
2.6073222	-35.199314	AR0084-C	10
2.5712533	-34.69544	AR0093-C	10
2.0453162	-36.05325	AR0096-C	10
9.320519	-9.710584	AS0003-C	10
8.916744	-11.237798	AS0011-C	10
9.6889515	-9.142879	AS0018-C	10
9.371362	-9.74567	AS0028-C	10
8.840109	-11.210401	AS0032-C	10
8.623121	-11.815704	AS0034-C	10
9.0994835	-10.40847	AS0039-C	10
9.133879	-10.251535	AS0045-C	10
8.620396	-11.5174675	AS0065-C	10
8.225791	-12.9679985	AS0073-C	10
9.536258	-8.910796	AS0074-C	10
11.149393	-5.996424	AV0002-C	10
11.137695	-6.170043	AV0003-C	10
11.044369	-6.227291	AV0009-C	10
11.030926	-6.1496825	AV0010-C	10
11.216932	-5.887221	AV0012-C	10
11.22508	-5.865797	AV0018-C	10
11.0144005	-6.2658215	AV0033-C	10
11.126926	-6.054238	AV0036-C	10
1.5333052	-13.52134	AB0089-C	20
1.2628698	-13.674415	AB0097-C	20
1.3051548	-13.666453	AB0098-C	20
1.245079	-13.832976	AB0111-C	20
1.2209597	-13.571894	AB0112-C	20
10.64295	0.62125486	AB0119-C	20
1.2778034	-13.661454	AB0123-C	20
10.784605	1.0582763	AB0127-C	20
10.762236	1.015747	AB0130-C	20
10.758233	0.70440805	AB0134-C	20
10.776234	0.74195534	AB0147-C	20
10.834417	1.0332427	AB0155-C	20
10.935926	1.0744884	AB0160-C	20
10.817919	0.919969	AB0166-C	20
10.835928	1.1158289	AB0172-C	20
10.931856	1.1525992	AB0173-C	20
10.64307	0.72986907	AB0176-C	20
10.789476	0.9522711	AB0179-C	20
1.1396818	-14.051982	AB0182-C	20
1.2252502	-13.77468	AB0187-C	20
11.0019865	1.2508049	AB0199-C	20
10.804478	0.81662756	AB0201-C	20
10.760655	0.85867834	AB0202-C	20
1.1934233	-13.805791	AB0209-C	20
1.1871367	-13.692241	AB0210-C	20
1.4090853	-13.406387	AB0219-C	20
1.2171774	-13.828728	AB0223-C	20
10.776057	0.6687798	AB0228-C	20
11.090362	1.9717175	AC0097-C	20
10.969433	1.7166002	AC0110-C	20
11.043877	1.609514	AC0114-C	20
10.968769	1.8301697	AC0116-C	20
10.986514	1.6856502	AC0122-C	20
11.020176	1.5912545	AC0142-C	20
11.141512	1.8456026	AC0147-C	20
11.177232	1.9518125	AC0148-C	20
10.955998	1.7027259	AC0150-C	20
10.957755	1.5305167	AC0160-C	20
10.955267	1.5508206	AC0164-C	20
10.880271	1.7153808	AC0170-C	20
10.986292	1.7094543	AC0172-C	20
11.071298	1.8720332	AC0173-C	20
10.955663	1.5979388	AC0183-C	20
10.913431	1.7843084	AC0190-C	20
10.987127	1.5383437	AC0194-C	20
10.842513	1.6161451	AC0195-C	20
11.084057	1.5586131	AC0201-C	20
10.851227	1.5338228	AC0202-C	20
9.962102	4.560808	AJ0023-C	20
10.048615	4.6337	AJ0036-C	20
10.091126	4.9584775	AJ0043-C	20
10.109256	5.368245	AJ0045-C	20
10.408532	5.5999584	AJ0052-C	20
9.65006	4.097175	AJ0066-C	20
9.388392	3.4789732	AJ0070-C	20
10.014176	4.869175	AJ0074-C	20
8.374743	2.1074045	AJ0081-C	20
9.147361	3.4700758	AJ0085-C	20
10.479075	5.458075	AJ0090-C	20
10.697382	5.8415904	AJ0096-C	20
10.057938	5.0898724	AJ0100-C	20
10.0403	4.8855677	AJ0105-C	20
9.885014	4.039816	AJ0113-C	20
10.517558	6.328085	AJ0116-C	20
24.132795	21.893688	AK0066-C	20
26.420244	22.440718	AK0074-C	20
26.34671	22.339954	AK0079-C	20
29.30353	24.681984	AK0081-C	20
27.468174	24.493364	AK0085-C	20
28.078707	23.951824	AK0088-C	20
23.167059	20.396091	AK0094-C	20
26.83682	22.803274	AK0095-C	20
29.413898	24.847158	AK0098-C	20
28.087059	23.658276	AK0103-C	20
25.017048	21.881859	AK0127-C	20
10.430929	1.0065118	AN0020-C	20
10.886372	1.1557344	AN0027-C	20
10.714273	0.83397496	AN0028-C	20
10.921996	1.1538475	AN0031-C	20
10.750229	0.6887319	AN0038-C	20
10.683653	0.22740564	AN0043-C	20
10.739842	-0.08903127	AN0067-C	20
10.801476	0.8075711	AN0079-C	20
10.790513	0.8437803	AN0080-C	20
10.844839	0.81225175	AN0083-C	20
10.931974	0.8687555	AN0086-C	20
10.632311	0.23180166	AN0088-C	20
10.72796	0.7128185	AN0091-C	20
10.905023	0.9271416	AN0094-C	20
10.625984	-0.5386809	AN0095-C	20
10.818836	0.96730286	AN0096-C	20
10.876746	0.9685056	AN0098-C	20
10.847087	1.0983354	AN0099-C	20
10.906882	1.0319407	AN0108-C	20
10.722522	0.90959096	AN0109-C	20
10.751774	0.9226104	AN0112-C	20
10.810822	0.9605034	AN0113-C	20
10.81449	0.93741566	AN0115-C	20
10.718757	1.360491	AN0147-C	20
10.335517	0.5872158	AN0163-C	20
10.256509	-1.5348641	AN0166-C	20
10.873502	1.3754168	AN0171-C	20
10.688657	1.1032795	AN0174-C	20
10.713234	0.43558073	AN0188-C	20
10.655061	0.13629998	AN0189-C	20
10.768568	0.65415955	AN0198-C	20
10.453622	-0.17929573	AN0199-C	20
10.500565	-0.09471865	AN0204-C	20
10.812156	1.0254495	AN0222-C	20
10.44179	0.77223593	AN0223-C	20
10.8088665	1.0413392	AN0235-C	20
10.625094	0.6965683	AN0236-C	20
10.69286	0.9163216	AN0237-C	20
10.377217	-1.3233783	AN0247-C	20
10.853105	1.3240241	AN0256-C	20
10.519341	0.27794233	AN0266-C	20
10.413544	-0.13089879	AN0267-C	20
10.912946	1.1418587	AN0287-C	20
10.704286	0.6768267	AN0297-C	20
10.763143	0.911779	AN0301-C	20
10.542036	0.6622272	AN0303-C	20
10.644663	0.7735442	AN0308-C	20
10.409396	-0.51330256	AN0312-C	20
10.783517	0.8278845	AN0313-C	20
-10.068484	-29.79809	AR0007-C	20
-10.032083	-29.853767	AR0010-C	20
-9.778905	-29.317923	AR0059-C	20
-9.860858	-29.311563	AR0062-C	20
-10.374262	-30.224867	AR0066-C	20
-9.874174	-29.33121	AR0070-C	20
-9.850749	-29.50557	AR0076-C	20
-9.9863	-29.812145	AR0084-C	20
-9.760767	-29.304567	AR0093-C	20
-10.2215805	-30.091564	AR0096-C	20
10.054147	-9.71996	AS0003-C	20
9.33257	-10.127278	AS0011-C	20
9.991412	-9.260711	AS0018-C	20
9.852298	-9.684091	AS0028-C	20
9.625031	-10.087625	AS0032-C	20
9.209305	-10.145673	AS0034-C	20
9.850905	-9.775661	AS0039-C	20
9.5637	-9.748961	AS0045-C	20
9.5156555	-10.573279	AS0065-C	20
9.74087	-11.282616	AS0073-C	20
9.674781	-9.151472	AS0074-C	20
10.789336	0.9008276	AV0002-C	20
10.801482	0.84302235	AV0003-C	20
10.743679	0.9123412	AV0009-C	20
10.705197	0.80564517	AV0010-C	20
10.906291	1.2767316	AV0012-C	20
10.874752	0.8749412	AV0018-C	20
10.811204	0.82273793	AV0033-C	20
10.844212	1.0820911	AV0036-C	20
0.6130184	-15.779451	AB0089-C	30
0.48197588	-15.854815	AB0097-C	30
0.4813848	-15.902639	AB0098-C	30
0.35566723	-16.073618	AB0111-C	30
0.5792355	-15.9043865	AB0112-C	30
11.995456	-7.3141303	AB0119-C	30
0.4700279	-15.909544	AB0123-C	30
12.252568	-6.5969977	AB0127-C	30
12.331028	-6.284303	AB0130-C	30
12.1846075	-6.7036643	AB0134-C	30
12.024324	-7.1773467	AB0147-C	30
12.083172	-6.8578353	AB0155-C	30
12.32494	-6.6157203	AB0160-C	30
12.022915	-7.3781676	AB0166-C	30
12.521105	-6.370565	AB0172-C	30
12.052162	-7.087068	AB0173-C	30
12.107183	-6.712789	AB0176-C	30
12.394252	-6.55438	AB0179-C	30
-0.015128927	-16.295698	AB0182-C	30
0.38306478	-16.051298	AB0187-C	30
12.316341	-6.690458	AB0199-C	30
11.843892	-7.47574	AB0201-C	30
12.192527	-6.8676887	AB0202-C	30
0.27468508	-16.10311	AB0209-C	30
0.37194484	-16.003603	AB0210-C	30
0.97308725	-15.463549	AB0219-C	30
0.06060806	-16.236982	AB0223-C	30
11.909554	-7.352937	AB0228-C	30
13.764356	-4.241422	AC0097-C	30
13.229766	-5.0903487	AC0110-C	30
13.068583	-5.378572	AC0114-C	30
13.512826	-4.480249	AC0116-C	30
13.268614	-4.892736	AC0122-C	30
13.524673	-4.657354	AC0142-C	30
13.379867	-5.1903358	AC0147-C	30
13.744569	-4.518369	AC0148-C	30
13.564764	-4.3887115	AC0150-C	30
13.079658	-5.0425773	AC0160-C	30
12.931812	-5.858579	AC0164-C	30
13.213462	-4.8635306	AC0170-C	30
13.4389105	-4.7134376	AC0172-C	30
13.808177	-3.9389894	AC0173-C	30
13.260561	-5.1471305	AC0183-C	30
13.374585	-4.713178	AC0190-C	30
12.965782	-5.59852	AC0194-C	30
13.442997	-4.6493163	AC0195-C	30
13.594988	-4.8724074	AC0201-C	30
12.663554	-5.777204	AC0202-C	30
13.994876	1.1118606	AJ0023-C	30
13.830164	0.99477226	AJ0036-C	30
14.008095	1.3186363	AJ0043-C	30
14.433556	1.6769508	AJ0045-C	30
14.339651	2.6214354	AJ0052-C	30
13.493835	0.1703094	AJ0066-C	30
12.636421	-1.1426064	AJ0070-C	30
13.938507	1.278891	AJ0074-C	30
11.227752	-3.077894	AJ0081-C	30
12.469685	-0.9535615	AJ0085-C	30
14.424733	2.649092	AJ0090-C	30
15.015283	3.5682929	AJ0096-C	30
14.108105	2.264189	AJ0100-C	30
13.938428	1.3270477	AJ0105-C	30
13.452586	-0.40578237	AJ0113-C	30
14.719651	4.124903	AJ0116-C	30
36.986664	29.2177	AK0066-C	30
37.131905	30.078054	AK0074-C	30
37.0312	30.001057	AK0079-C	30
39.95289	31.59373	AK0081-C	30
38.287926	30.02479	AK0085-C	30
39.45571	31.213892	AK0088-C	30
36.661003	29.901506	AK0094-C	30
37.66909	30.258936	AK0095-C	30
39.51078	31.5743	AK0098-C	30
38.23352	30.8444	AK0103-C	30
37.920864	31.135466	AK0127-C	30
12.728108	-6.1659102	AN0020-C	30
12.682094	-6.1614013	AN0027-C	30
12.111975	-6.8015723	AN0028-C	30
12.418237	-6.636598	AN0031-C	30
11.808709	-7.6661544	AN0038-C	30
12.107727	-7.085794	AN0043-C	30
11.25147	-9.121359	AN0067-C	30
12.199665	-7.0325065	AN0079-C	30
12.235436	-6.52968	AN0080-C	30
11.980711	-7.4378295	AN0083-C	30
12.702402	-6.7513976	AN0086-C	30
11.023295	-8.55987	AN0088-C	30
11.977721	-7.3467994	AN0091-C	30
12.3337345	-6.8838363	AN0094-C	30
10.876087	-9.249968	AN0095-C	30
12.523433	-6.4403358	AN0096-C	30
12.196737	-6.710027	AN0098-C	30
12.481052	-6.5697303	AN0099-C	30
12.016338	-7.272325	AN0108-C	30
12.227726	-6.771089	AN0109-C	30
12.15645	-6.7334533	AN0112-C	30
12.230201	-7.056043	AN0113-C	30
12.131687	-7.228624	AN0115-C	30
12.713176	-5.633409	AN0147-C	30
11.824333	-7.8742957	AN0163-C	30
9.69051	-10.798365	AN0166-C	30
11.069077	-8.109598	AN0171-C	30
17.11676	-3.171438	AN0174-C	30
12.157951	-7.416063	AN0188-C	30
11.300415	-8.428709	AN0189-C	30
11.757528	-7.749536	AN0198-C	30
10.5647745	-9.069956	AN0199-C	30
10.777545	-9.1811695	AN0204-C	30
12.924253	-5.8830543	AN0222-C	30
11.80652	-7.167978	AN0223-C	30
12.327043	-6.733091	AN0235-C	30
12.07564	-7.1710067	AN0236-C	30
11.912708	-7.089109	AN0237-C	30
10.225039	-10.625776	AN0247-C	30
12.715813	-6.1168075	AN0256-C	30
11.542842	-7.857263	AN0266-C	30
9.872262	-11.131441	AN0267-C	30
12.648557	-6.0931525	AN0287-C	30
13.157683	-6.968084	AN0297-C	30
11.90447	-7.6214423	AN0301-C	30
11.766878	-7.3329177	AN0303-C	30
12.230305	-6.4610343	AN0308-C	30
10.698825	-8.859835	AN0312-C	30
12.350094	-6.814096	AN0313-C	30
-25.94157	-27.386309	AR0007-C	30
-25.428185	-27.256613	AR0010-C	30
-24.659412	-26.832827	AR0059-C	30
-25.054134	-26.976213	AR0062-C	30
-26.689217	-27.742662	AR0066-C	30
-25.037865	-27.128244	AR0070-C	30
-25.086601	-27.073534	AR0076-C	30
-26.158287	-27.549746	AR0084-C	30
-23.375298	-26.105734	AR0093-C	30
-26.435097	-27.589914	AR0096-C	30
8.780123	-14.338198	AS0003-C	30
7.0202622	-14.765764	AS0011-C	30
8.628188	-13.9339695	AS0018-C	30
8.1052	-14.479189	AS0028-C	30
8.405266	-14.850836	AS0032-C	30
6.6332297	-14.702574	AS0034-C	30
8.891157	-14.780863	AS0039-C	30
7.965073	-14.260805	AS0045-C	30
7.632707	-14.448332	AS0065-C	30
7.7307673	-14.978289	AS0073-C	30
8.1350355	-13.874945	AS0074-C	30
11.785386	-7.554296	AV0002-C	30
12.047778	-7.2691627	AV0003-C	30
12.321889	-6.5993285	AV0009-C	30
12.062333	-7.1581244	AV0010-C	30
12.072049	-6.866819	AV0012-C	30
12.200614	-7.2580924	AV0018-C	30
11.6691885	-7.815122	AV0033-C	30
12.484658	-6.0665984	AV0036-C	30
-1.8632442	-15.038066	AB0089-C	40
-1.9759989	-15.085109	AB0097-C	40
-1.9839255	-15.138022	AB0098-C	40
-2.131752	-15.3150625	AB0111-C	40
-1.9196332	-15.157355	AB0112-C	40
11.711617	-5.5543394	AB0119-C	40
-1.9958123	-15.138846	AB0123-C	40
12.112638	-4.51567	AB0127-C	40
11.997738	-4.346843	AB0130-C	40
11.848758	-5.009753	AB0134-C	40
11.798795	-5.3077383	AB0147-C	40
11.911453	-4.8549604	AB0155-C	40
11.994101	-4.80754	AB0160-C	40
11.949663	-5.3476286	AB0166-C	40
12.1950035	-4.587569	AB0172-C	40
11.854164	-5.1588545	AB0173-C	40
11.835616	-4.739234	AB0176-C	40
12.064314	-4.738776	AB0179-C	40
-2.3897681	-15.468608	AB0182-C	40
-2.0582702	-15.257266	AB0187-C	40
12.097075	-4.79288	AB0199-C	40
11.813639	-5.2627783	AB0201-C	40
11.946843	-4.970649	AB0202-C	40
-2.1183214	-15.278342	AB0209-C	40
-2.0919247	-15.206534	AB0210-C	40
-1.5530231	-14.795596	AB0219-C	40
-2.3170037	-15.3779745	AB0223-C	40
11.685244	-5.548892	AB0228-C	40
13.080293	-2.7772548	AC0097-C	40
12.6602955	-3.5060642	AC0110-C	40
12.523167	-3.7235172	AC0114-C	40
12.750591	-3.1879299	AC0116-C	40
12.616205	-3.3526752	AC0122-C	40
12.771932	-3.3916538	AC0142-C	40
12.8303385	-3.6413639	AC0147-C	40
13.126334	-2.886092	AC0148-C	40
12.737359	-3.1165493	AC0150-C	40
12.308838	-3.7701023	AC0160-C	40
12.466695	-4.2591543	AC0164-C	40
12.558644	-3.3345287	AC0170-C	40
12.798324	-3.1884181	AC0172-C	40
12.977411	-2.5204685	AC0173-C	40
12.590365	-3.7430255	AC0183-C	40
12.717108	-3.1787784	AC0190-C	40
12.472804	-3.9790142	AC0194-C	40
12.735784	-3.2177227	AC0195-C	40
13.032298	-3.2574031	AC0201-C	40
12.3399315	-3.8834789	AC0202-C	40
12.310326	2.055631	AJ0023-C	40
12.24801	2.0630467	AJ0036-C	40
12.297196	2.3029606	AJ0043-C	40
12.491691	2.616811	AJ0045-C	40
12.369351	3.4170315	AJ0052-C	40
12.125891	1.4501774	AJ0066-C	40
11.559337	0.39944193	AJ0070-C	40
12.294224	2.3074238	AJ0074-C	40
10.136553	-1.1569316	AJ0081-C	40
11.389803	0.7071011	AJ0085-C	40
12.437209	3.3853047	AJ0090-C	40
12.962579	4.318963	AJ0096-C	40
12.287022	3.2610905	AJ0100-C	40
12.231434	2.3270504	AJ0105-C	40
12.171626	0.9195721	AJ0113-C	40
12.388276	4.8806086	AJ0116-C	40
35.296116	33.791565	AK0066-C	40
35.927643	34.57823	AK0074-C	40
35.82769	34.49305	AK0079-C	40
38.845726	37.54606	AK0081-C	40
37.291656	34.896286	AK0085-C	40
38.336582	36.45385	AK0088-C	40
34.967888	34.276524	AK0094-C	40
36.008736	35.07334	AK0095-C	40
39.001797	36.617226	AK0098-C	40
36.738262	35.42349	AK0103-C	40
36.632378	35.571075	AK0127-C	40
12.0673685	-4.8978033	AN0020-C	40
12.313978	-4.3510084	AN0027-C	40
11.903412	-4.689307	AN0028-C	40
12.118099	-4.8177137	AN0031-C	40
11.686285	-5.628978	AN0038-C	40
11.743685	-5.652362	AN0043-C	40
11.189188	-7.3986807	AN0067-C	40
12.008995	-5.142188	AN0079-C	40
11.8846855	-4.7858305	AN0080-C	40
11.851871	-5.4873724	AN0083-C	40
12.494938	-4.756545	AN0086-C	40
11.091716	-6.4076796	AN0088-C	40
11.886111	-5.143939	AN0091-C	40
12.107212	-5.0857077	AN0094-C	40
10.677908	-7.6894674	AN0095-C	40
12.20692	-4.6062956	AN0096-C	40
11.891012	-4.7828054	AN0098-C	40
12.205882	-4.7163153	AN0099-C	40
11.79302	-5.529071	AN0108-C	40
12.023441	-4.809291	AN0109-C	40
11.8274765	-5.009818	AN0112-C	40
12.003361	-5.2013083	AN0113-C	40
11.94614	-5.357703	AN0115-C	40
12.1329	-4.335265	AN0147-C	40
11.460261	-6.149337	AN0163-C	40
9.828892	-8.970248	AN0166-C	40
11.214428	-5.7043943	AN0171-C	40
15.387752	-2.4059284	AN0174-C	40
11.573508	-6.40557	AN0188-C	40
11.195482	-6.531562	AN0189-C	40
11.552223	-6.031642	AN0198-C	40
10.809991	-6.908149	AN0199-C	40
11.0157585	-6.9170675	AN0204-C	40
12.466547	-4.3060675	AN0222-C	40
11.78328	-4.7154226	AN0223-C	40
12.14586	-4.7804365	AN0235-C	40
11.940672	-5.094962	AN0236-C	40
11.792483	-5.029464	AN0237-C	40
10.11857	-9.081038	AN0247-C	40
12.283102	-4.403819	AN0256-C	40
11.426967	-5.978057	AN0266-C	40
10.519023	-8.205394	AN0267-C	40
12.311061	-4.270713	AN0287-C	40
12.968382	-4.827384	AN0297-C	40
11.788589	-5.6875715	AN0301-C	40
11.672825	-5.2015295	AN0303-C	40
11.832943	-4.778056	AN0308-C	40
10.73303	-6.8520193	AN0312-C	40
12.065206	-5.0510817	AN0313-C	40
-24.328444	-22.223581	AR0007-C	40
-23.929554	-22.16144	AR0010-C	40
-23.221756	-21.82339	AR0059-C	40
-23.52708	-21.905226	AR0062-C	40
-24.911804	-22.41147	AR0066-C	40
-23.558811	-22.04896	AR0070-C	40
-23.652319	-22.014296	AR0076-C	40
-24.520369	-22.338636	AR0084-C	40
-22.198347	-21.331861	AR0093-C	40
-24.740395	-22.338	AR0096-C	40
6.9299917	-16.788061	AS0003-C	40
5.5083117	-16.61313	AS0011-C	40
6.743286	-16.335638	AS0018-C	40
6.4680457	-16.664762	AS0028-C	40
6.6163473	-17.135946	AS0032-C	40
5.1822753	-16.489775	AS0034-C	40
7.105042	-17.08352	AS0039-C	40
6.243855	-16.472467	AS0045-C	40
5.903645	-16.623327	AS0065-C	40
5.9583435	-17.283781	AS0073-C	40
6.444274	-15.967742	AS0074-C	40
11.852818	-5.264537	AV0002-C	40
12.070532	-4.9178	AV0003-C	40
12.0600815	-4.707423	AV0009-C	40
11.864587	-5.2402143	AV0010-C	40
12.077369	-4.6420126	AV0012-C	40
12.036938	-5.3144026	AV0018-C	40
11.533861	-5.906394	AV0033-C	40
12.179776	-4.0988913	AV0036-C	40
-2.451241	-12.935114	AB0089-C	50
-2.5733564	-12.891706	AB0097-C	50
-2.5826154	-12.969496	AB0098-C	50
-2.7337008	-13.10671	AB0111-C	50
-2.5347836	-12.977186	AB0112-C	50
9.869002	-4.8647213	AB0119-C	50
-2.5967824	-12.959791	AB0123-C	50
10.286493	-3.7926617	AB0127-C	50
10.152721	-3.6588497	AB0130-C	50
9.973344	-4.4079914	AB0134-C	50
9.944797	-4.5933056	AB0147-C	50
10.119979	-4.0701275	AB0155-C	50
10.086918	-4.164015	AB0160-C	50
10.09741	-4.569765	AB0166-C	50
10.345669	-3.8586216	AB0172-C	50
9.99047	-4.4647045	AB0173-C	50
10.014901	-3.9755573	AB0176-C	50
10.168217	-4.102312	AB0179-C	50
-2.9760013	-13.17153	AB0182-C	50
-2.6600795	-13.030436	AB0187-C	50
10.253065	-4.067049	AB0199-C	50
9.99992	-4.4532337	AB0201-C	50
10.097092	-4.234312	AB0202-C	50
-2.7131872	-13.032164	AB0209-C	50
-2.6860197	-12.964125	AB0210-C	50
-2.1548486	-12.752462	AB0219-C	50
-2.9224536	-13.089605	AB0223-C	50
9.810643	-4.8418865	AB0228-C	50
11.056068	-2.1693249	AC0097-C	50
10.74092	-2.7885532	AC0110-C	50
10.636017	-2.9742413	AC0114-C	50
10.813571	-2.5142956	AC0116-C	50
10.716367	-2.6371822	AC0122-C	50
10.840497	-2.7594776	AC0142-C	50
10.873747	-2.9430103	AC0147-C	50
11.128863	-2.2171803	AC0148-C	50
10.808953	-2.4911633	AC0150-C	50
10.422474	-3.0544453	AC0160-C	50
10.586324	-3.4462566	AC0164-C	50
10.647285	-2.6311817	AC0170-C	50
10.820513	-2.529089	AC0172-C	50
10.94906	-1.9544239	AC0173-C	50
10.696784	-3.0636272	AC0183-C	50
10.75962	-2.5509624	AC0190-C	50
10.596007	-3.2098408	AC0194-C	50
10.813116	-2.4996166	AC0195-C	50
11.043375	-2.5730076	AC0201-C	50
10.495654	-3.106081	AC0202-C	50
10.829239	2.3490162	AJ0023-C	50
10.801625	2.3235874	AJ0036-C	50
10.891972	2.5923939	AJ0043-C	50
10.915241	2.8702488	AJ0045-C	50
11.035106	3.6087818	AJ0052-C	50
10.750104	1.7664242	AJ0066-C	50
10.154666	0.80066496	AJ0070-C	50
10.845529	2.5602207	AJ0074-C	50
8.836468	-0.7009868	AJ0081-C	50
9.934843	1.0724163	AJ0085-C	50
11.040894	3.5957737	AJ0090-C	50
11.522051	4.523943	AJ0096-C	50
10.801377	3.471918	AJ0100-C	50
10.849697	2.598051	AJ0105-C	50
10.632181	1.2195988	AJ0113-C	50
11.283364	5.099989	AJ0116-C	50
28.648188	31.914066	AK0066-C	50
29.835993	33.040947	AK0074-C	50
29.897923	32.95684	AK0079-C	50
33.513435	37.15498	AK0081-C	50
31.365372	33.792698	AK0085-C	50
32.24537	35.46823	AK0088-C	50
28.691757	32.306023	AK0094-C	50
30.120815	33.78098	AK0095-C	50
33.566715	37.186302	AK0098-C	50
31.866968	35.57019	AK0103-C	50
29.49601	33.760536	AK0127-C	50
10.058296	-4.3203106	AN0020-C	50
10.361367	-3.797472	AN0027-C	50
10.058426	-4.0385265	AN0028-C	50
10.21631	-4.1671696	AN0031-C	50
9.8601265	-4.854143	AN0038-C	50
9.850523	-5.0438175	AN0043-C	50
9.348568	-6.6437855	AN0067-C	50
10.141876	-4.4254513	AN0079-C	50
10.037683	-4.120493	AN0080-C	50
10.008403	-4.757391	AN0083-C	50
10.568606	-4.0563297	AN0086-C	50
9.387491	-5.5323696	AN0088-C	50
10.062964	-4.347315	AN0091-C	50
10.243379	-4.386427	AN0094-C	50
8.919201	-6.8818836	AN0095-C	50
10.326437	-3.9456882	AN0096-C	50
10.037551	-4.115526	AN0098-C	50
10.29784	-4.0407124	AN0099-C	50
9.900346	-4.854063	AN0108-C	50
10.173011	-4.1228504	AN0109-C	50
10.016706	-4.3056774	AN0112-C	50
10.12332	-4.461458	AN0113-C	50
10.122626	-4.594488	AN0115-C	50
9.991151	-4.0501842	AN0147-C	50
9.610691	-5.414957	AN0163-C	50
8.069708	-8.389864	AN0166-C	50
9.373722	-5.092779	AN0171-C	50
12.895679	-2.1556835	AN0174-C	50
9.459514	-5.9658794	AN0188-C	50
9.395595	-5.8136578	AN0189-C	50
9.742209	-5.2755184	AN0198-C	50
9.036797	-6.1621265	AN0199-C	50
9.338318	-5.974657	AN0204-C	50
10.553832	-3.6892338	AN0222-C	50
9.898943	-3.920618	AN0223-C	50
10.288778	-4.0436306	AN0235-C	50
10.049635	-4.3798046	AN0236-C	50
9.98569	-4.269865	AN0237-C	50
8.341794	-8.350378	AN0247-C	50
10.346883	-3.7725239	AN0256-C	50
9.641743	-5.2286625	AN0266-C	50
8.814723	-7.184561	AN0267-C	50
10.405001	-3.654688	AN0287-C	50
11.051443	-3.9494686	AN0297-C	50
9.951024	-4.9205837	AN0301-C	50
9.808676	-4.661928	AN0303-C	50
9.952745	-4.155184	AN0308-C	50
8.987882	-6.122244	AN0312-C	50
10.193531	-4.3282604	AN0313-C	50
-21.890247	-17.311625	AR0007-C	50
-21.583817	-17.295324	AR0010-C	50
-20.970547	-17.04521	AR0059-C	50
-21.219797	-17.095736	AR0062-C	50
-22.482254	-17.49058	AR0066-C	50
-21.229782	-17.194353	AR0070-C	50
-21.359358	-17.20484	AR0076-C	50
-22.00205	-17.371145	AR0084-C	50
-20.204224	-16.749964	AR0093-C	50
-22.24976	-17.372896	AR0096-C	50
5.7540007	-15.612165	AS0003-C	50
4.5692577	-15.353895	AS0011-C	50
5.5629306	-15.203756	AS0018-C	50
5.331868	-15.49581	AS0028-C	50
5.4863806	-15.865644	AS0032-C	50
4.2267637	-15.292883	AS0034-C	50
5.882675	-15.903231	AS0039-C	50
5.1484838	-15.284445	AS0045-C	50
4.8649735	-15.453192	AS0065-C	50
4.880684	-16.114862	AS0073-C	50
5.3432355	-14.770712	AS0074-C	50
10.097557	-4.379957	AV0002-C	50
10.227782	-4.1525555	AV0003-C	50
10.199208	-3.9959164	AV0009-C	50
10.016376	-4.525343	AV0010-C	50
10.319991	-3.7887402	AV0012-C	50
10.168938	-4.6064396	AV0018-C	50
9.719574	-5.168936	AV0033-C	50
10.322366	-3.4213161	AV0036-C	50
-2.9545376	-12.264029	AB0089-C	60
-3.067845	-12.201494	AB0097-C	60
-3.0851986	-12.293192	AB0098-C	60
-3.2259238	-12.411676	AB0111-C	60
-3.052569	-12.324671	AB0112-C	60
8.54085	-5.042444	AB0119-C	60
-3.0965667	-12.266653	AB0123-C	60
8.975483	-3.940878	AB0127-C	60
8.853972	-3.8300686	AB0130-C	60
8.693324	-4.6018124	AB0134-C	60
8.676023	-4.7348957	AB0147-C	60
8.869165	-4.2122326	AB0155-C	60
8.748257	-4.365484	AB0160-C	60
8.854305	-4.712614	AB0166-C	60
9.02019	-4.0424213	AB0172-C	60
8.702946	-4.6109753	AB0173-C	60
8.743476	-4.094488	AB0176-C	60
8.885435	-4.2821293	AB0179-C	60
-3.4395356	-12.430563	AB0182-C	60
-3.1482816	-12.314924	AB0187-C	60
8.902259	-4.2230587	AB0199-C	60
8.657784	-4.6164303	AB0201-C	60
8.805977	-4.403105	AB0202-C	60
-3.2012138	-12.311464	AB0209-C	60
-3.1806536	-12.269785	AB0210-C	60
-2.6893213	-12.128489	AB0219-C	60
-3.3951287	-12.349016	AB0223-C	60
8.58897	-4.969824	AB0228-C	60
9.759564	-2.1811771	AC0097-C	60
9.446536	-2.770876	AC0110-C	60
9.369082	-2.962	AC0114-C	60
9.625854	-2.4676762	AC0116-C	60
9.484486	-2.6269245	AC0122-C	60
9.562842	-2.7973194	AC0142-C	60
9.544378	-2.9761143	AC0147-C	60
9.796203	-2.24465	AC0148-C	60
9.573535	-2.4802265	AC0150-C	60
9.211142	-3.0257435	AC0160-C	60
9.370631	-3.3882275	AC0164-C	60
9.403156	-2.5442104	AC0170-C	60
9.540169	-2.5052776	AC0172-C	60
9.603159	-1.9985561	AC0173-C	60
9.445055	-3.0452976	AC0183-C	60
9.526572	-2.530199	AC0190-C	60
9.329349	-3.1412678	AC0194-C	60
9.507188	-2.4913654	AC0195-C	60
9.67961	-2.649557	AC0201-C	60
9.272048	-3.052885	AC0202-C	60
9.93348	2.24613	AJ0023-C	60
9.997425	2.2288723	AJ0036-C	60
10.082733	2.496851	AJ0043-C	60
9.981585	2.7353725	AJ0045-C	60
10.294259	3.5031567	AJ0052-C	60
9.814414	1.7025356	AJ0066-C	60
9.254735	0.72873497	AJ0070-C	60
9.9127	2.480276	AJ0074-C	60
8.026225	-0.7301731	AJ0081-C	60
9.088144	0.9962673	AJ0085-C	60
10.2389345	3.5420818	AJ0090-C	60
10.695892	4.4268665	AJ0096-C	60
10.048018	3.4402447	AJ0100-C	60
10.043088	2.519678	AJ0105-C	60
9.658815	1.1138935	AJ0113-C	60
10.569217	5.03483	AJ0116-C	60
23.63736	29.318338	AK0066-C	60
24.618944	29.828074	AK0074-C	60
24.545012	29.75252	AK0079-C	60
29.137556	34.8478	AK0081-C	60
27.537561	32.459183	AK0085-C	60
28.09333	33.663467	AK0088-C	60
23.569221	29.409819	AK0094-C	60
25.550894	31.426992	AK0095-C	60
28.80729	35.126667	AK0098-C	60
26.59026	33.00556	AK0103-C	60
24.201988	30.425926	AK0127-C	60
8.652994	-4.673464	AN0020-C	60
9.012173	-4.04809	AN0027-C	60
8.737335	-4.242422	AN0028-C	60
8.907311	-4.3270016	AN0031-C	60
8.601624	-4.9137135	AN0038-C	60
8.583246	-5.212187	AN0043-C	60
8.136657	-6.7454395	AN0067-C	60
8.852805	-4.572626	AN0079-C	60
8.775735	-4.231413	AN0080-C	60
8.710151	-4.920038	AN0083-C	60
9.287286	-4.227537	AN0086-C	60
8.119107	-5.690199	AN0088-C	60
8.746266	-4.485174	AN0091-C	60
8.940687	-4.55538	AN0094-C	60
7.673036	-6.979887	AN0095-C	60
9.06817	-4.027418	AN0096-C	60
8.72988	-4.267576	AN0098-C	60
8.974935	-4.165621	AN0099-C	60
8.600066	-5.0140285	AN0108-C	60
8.85331	-4.2872715	AN0109-C	60
8.737272	-4.492262	AN0112-C	60
8.880164	-4.6201	AN0113-C	60
8.812205	-4.694124	AN0115-C	60
8.634374	-4.315851	AN0147-C	60
8.3139	-5.5110874	AN0163-C	60
6.8188906	-8.591959	AN0166-C	60
7.979749	-5.5876713	AN0171-C	60
11.100248	-2.5181408	AN0174-C	60
8.137396	-6.124571	AN0188-C	60
8.171846	-5.9431973	AN0189-C	60
8.492211	-5.3861217	AN0198-C	60
7.7754607	-6.26066	AN0199-C	60
8.133402	-5.9624233	AN0204-C	60
9.190226	-3.8705692	AN0222-C	60
8.634665	-3.9602642	AN0223-C	60
8.9961195	-4.1626034	AN0235-C	60
8.703173	-4.545759	AN0236-C	60
8.6927395	-4.4495716	AN0237-C	60
7.1179867	-8.453295	AN0247-C	60
9.095039	-3.8314342	AN0256-C	60
8.400598	-5.347521	AN0266-C	60
7.5989385	-7.152315	AN0267-C	60
9.107329	-3.8380375	AN0287-C	60
9.690345	-4.185564	AN0297-C	60
8.691876	-4.969408	AN0301-C	60
8.523356	-4.906397	AN0303-C	60
8.681678	-4.3297443	AN0308-C	60
7.7645335	-6.1977863	AN0312-C	60
8.908216	-4.4744053	AN0313-C	60
-19.955368	-14.504248	AR0007-C	60
-19.696285	-14.51819	AR0010-C	60
-19.125736	-14.333689	AR0059-C	60
-19.337948	-14.348108	AR0062-C	60
-20.486656	-14.590891	AR0066-C	60
-19.360516	-14.460329	AR0070-C	60
-19.529358	-14.496614	AR0076-C	60
-20.041765	-14.543459	AR0084-C	60
-18.560064	-14.261904	AR0093-C	60
-20.31151	-14.564299	AR0096-C	60
4.880471	-15.633368	AS0003-C	60
3.7465181	-15.2740345	AS0011-C	60
4.647245	-15.226549	AS0018-C	60
4.4349403	-15.512423	AS0028-C	60
4.5706606	-15.856203	AS0032-C	60
3.3990638	-15.222425	AS0034-C	60
4.9570684	-15.914122	AS0039-C	60
4.2914996	-15.257681	AS0045-C	60
4.0174594	-15.446577	AS0065-C	60
4.0312643	-16.128515	AS0073-C	60
4.3992643	-14.798021	AS0074-C	60
8.801386	-4.503771	AV0002-C	60
8.894237	-4.325819	AV0003-C	60
8.8864355	-4.2005367	AV0009-C	60
8.72867	-4.691866	AV0010-C	60
8.970521	-3.954836	AV0012-C	60
8.840327	-4.7782726	AV0018-C	60
8.46139	-5.291853	AV0033-C	60
9.006424	-3.6215305	AV0036-C	60
-2.9866793	-11.584438	AB0089-C	70
-3.1018825	-11.519951	AB0097-C	70
-3.1114893	-11.603405	AB0098-C	70
-3.245483	-11.722874	AB0111-C	70
-3.084974	-11.6327095	AB0112-C	70
8.094626	-4.987808	AB0119-C	70
-3.1229715	-11.581417	AB0123-C	70
8.50114	-3.8935242	AB0127-C	70
8.355311	-3.8069077	AB0130-C	70
8.203396	-4.5579185	AB0134-C	70
8.192221	-4.6831017	AB0147-C	70
8.369116	-4.1415024	AB0155-C	70
8.273992	-4.3413696	AB0160-C	70
8.325146	-4.6670265	AB0166-C	70
8.537142	-3.99889	AB0172-C	70
8.222534	-4.568962	AB0173-C	70
8.285254	-4.0339127	AB0176-C	70
8.33966	-4.2724	AB0179-C	70
-3.4316235	-11.7221985	AB0182-C	70
-3.1749892	-11.617977	AB0187-C	70
8.43126	-4.1878433	AB0199-C	70
8.214924	-4.538208	AB0201-C	70
8.275004	-4.357212	AB0202-C	70
-3.2119524	-11.615223	AB0209-C	70
-3.2059417	-11.570274	AB0210-C	70
-2.7325704	-11.453213	AB0219-C	70
-3.387933	-11.643208	AB0223-C	70
8.068109	-4.924904	AB0228-C	70
9.301038	-1.9886742	AC0097-C	70
9.034518	-2.5610352	AC0110-C	70
8.886518	-2.773964	AC0114-C	70
9.179133	-2.2677116	AC0116-C	70
9.012331	-2.427147	AC0122-C	70
9.010509	-2.6552048	AC0142-C	70
9.096266	-2.8044052	AC0147-C	70
9.313382	-2.0709953	AC0148-C	70
9.137165	-2.2625275	AC0150-C	70
8.746158	-2.8243484	AC0160-C	70
8.905714	-3.2011948	AC0164-C	70
9.01227	-2.3327675	AC0170-C	70
9.129479	-2.3327637	AC0172-C	70
9.211482	-1.8184586	AC0173-C	70
8.948045	-2.839447	AC0183-C	70
9.036198	-2.3497238	AC0190-C	70
8.899473	-2.9436684	AC0194-C	70
9.116117	-2.2567291	AC0195-C	70
9.255633	-2.4813805	AC0201-C	70
8.879258	-2.8611794	AC0202-C	70
9.552788	2.2330742	AJ0023-C	70
9.540005	2.1810646	AJ0036-C	70
9.76651	2.452259	AJ0043-C	70
9.627613	2.7278671	AJ0045-C	70
9.985082	3.4627838	AJ0052-C	70
9.570313	1.6860847	AJ0066-C	70
8.888868	0.65626526	AJ0070-C	70
9.5871935	2.4377975	AJ0074-C	70
7.6686263	-0.75003433	AJ0081-C	70
8.709872	0.9352951	AJ0085-C	70
9.95503	3.490158	AJ0090-C	70
10.311479	4.360504	AJ0096-C	70
9.715287	3.430027	AJ0100-C	70
9.634157	2.4801178	AJ0105-C	70
9.316095	1.0987816	AJ0113-C	70
10.424648	4.9634857	AJ0116-C	70
22.57944	29.040863	AK0066-C	70
23.74781	29.455297	AK0074-C	70
23.79243	29.382221	AK0079-C	70
28.800644	34.853924	AK0081-C	70
27.289934	32.803616	AK0085-C	70
27.793554	33.82398	AK0088-C	70
22.726036	29.084553	AK0094-C	70
25.059666	31.352945	AK0095-C	70
28.412462	34.98498	AK0098-C	70
25.958265	32.795914	AK0103-C	70
23.19242	29.949339	AK0127-C	70
8.150771	-4.579857	AN0020-C	70
8.509899	-4.0444565	AN0027-C	70
8.257098	-4.16811	AN0028-C	70
8.400101	-4.284359	AN0031-C	70
8.135167	-4.8227882	AN0038-C	70
8.120727	-5.1695137	AN0043-C	70
7.664284	-6.6792564	AN0067-C	70
8.369898	-4.52697	AN0079-C	70
8.300666	-4.156952	AN0080-C	70
8.265073	-4.8568344	AN0083-C	70
8.708053	-4.197624	AN0086-C	70
7.662737	-5.6402855	AN0088-C	70
8.274763	-4.395294	AN0091-C	70
8.436136	-4.494652	AN0094-C	70
7.2312236	-6.901436	AN0095-C	70
8.607613	-3.91951	AN0096-C	70
8.282603	-4.22715	AN0098-C	70
8.51295	-4.106743	AN0099-C	70
8.127579	-4.9761047	AN0108-C	70
8.371399	-4.248291	AN0109-C	70
8.220766	-4.4378967	AN0112-C	70
8.343322	-4.566498	AN0113-C	70
8.313874	-4.6438904	AN0115-C	70
8.151908	-4.3848076	AN0147-C	70
7.932079	-5.4285088	AN0163-C	70
6.3606796	-8.585392	AN0166-C	70
7.5342665	-5.5737	AN0171-C	70
10.541122	-2.5902214	AN0174-C	70
7.6827374	-6.130211	AN0188-C	70
7.6723137	-5.921463	AN0189-C	70
7.987801	-5.327423	AN0198-C	70
7.306411	-6.1319923	AN0199-C	70
7.67018	-5.832218	AN0204-C	70
8.6678915	-3.8299217	AN0222-C	70
8.079252	-3.9185562	AN0223-C	70
8.527839	-4.1153564	AN0235-C	70
8.206106	-4.5095596	AN0236-C	70
8.192242	-4.3887978	AN0237-C	70
6.6816063	-8.342724	AN0247-C	70
8.508099	-3.8181305	AN0256-C	70
7.928221	-5.286358	AN0266-C	70
7.100966	-7.097248	AN0267-C	70
8.5693	-3.8058167	AN0287-C	70
9.1112175	-4.1549606	AN0297-C	70
8.239733	-4.8677444	AN0301-C	70
8.033726	-4.837742	AN0303-C	70
8.182747	-4.305229	AN0308-C	70
7.3127804	-6.1140747	AN0312-C	70
8.398952	-4.409355	AN0313-C	70
-18.881361	-12.787243	AR0007-C	70
-18.664042	-12.835854	AR0010-C	70
-18.104921	-12.683895	AR0059-C	70
-18.285124	-12.677559	AR0062-C	70
-19.417736	-12.855267	AR0066-C	70
-18.307747	-12.77652	AR0070-C	70
-18.454727	-12.795826	AR0076-C	70
-18.947578	-12.80056	AR0084-C	70
-17.528694	-12.620602	AR0093-C	70
-19.194662	-12.796646	AR0096-C	70
4.651032	-15.488922	AS0003-C	70
3.5199788	-14.970383	AS0011-C	70
4.426325	-15.010864	AS0018-C	70
4.1967564	-15.326561	AS0028-C	70
4.4023824	-15.569756	AS0032-C	70
3.1697998	-14.993225	AS0034-C	70
4.6585	-15.751339	AS0039-C	70
4.081736	-15.026283	AS0045-C	70
3.7795882	-15.268562	AS0065-C	70
3.7779372	-15.973076	AS0073-C	70
4.2106476	-14.507587	AS0074-C	70
8.323725	-4.4291267	AV0002-C	70
8.399487	-4.276642	AV0003-C	70
8.380078	-4.1459236	AV0009-C	70
8.22087	-4.664528	AV0010-C	70
8.515793	-3.8954582	AV0012-C	70
8.332737	-4.7451744	AV0018-C	70
8.005325	-5.245167	AV0033-C	70
8.47936	-3.5852852	AV0036-C	70
-3.1916475	-11.254714	AB0089-C	80
-3.304408	-11.189265	AB0097-C	80
-3.311324	-11.273967	AB0098-C	80
-3.440691	-11.3896475	AB0111-C	80
-3.2921464	-11.309955	AB0112-C	80
7.7366824	-4.901641	AB0119-C	80
-3.3243952	-11.247977	AB0123-C	80
8.119209	-3.7929296	AB0127-C	80
8.001333	-3.7195082	AB0130-C	80
7.883945	-4.463023	AB0134-C	80
7.840198	-4.582778	AB0147-C	80
8.027877	-4.034278	AB0155-C	80
7.937552	-4.265517	AB0160-C	80
8.004401	-4.5698614	AB0166-C	80
8.171859	-3.910102	AB0172-C	80
7.9085903	-4.4785757	AB0173-C	80
7.906998	-3.935748	AB0176-C	80
8.024774	-4.186225	AB0179-C	80
-3.6084883	-11.370296	AB0182-C	80
-3.3732224	-11.280627	AB0187-C	80
8.102034	-4.100486	AB0199-C	80
7.875404	-4.4497976	AB0201-C	80
7.957651	-4.2682447	AB0202-C	80
-3.4034858	-11.274737	AB0209-C	80
-3.4067452	-11.240348	AB0210-C	80
-2.9468913	-11.137145	AB0219-C	80
-3.568571	-11.299129	AB0223-C	80
7.731757	-4.8336325	AB0228-C	80
9.002333	-1.7878104	AC0097-C	80
8.7469015	-2.3585577	AC0110-C	80
8.612786	-2.5963125	AC0114-C	80
8.818275	-2.063159	AC0116-C	80
8.71055	-2.2331915	AC0122-C	80
8.761521	-2.4866896	AC0142-C	80
8.808591	-2.6293745	AC0147-C	80
9.029759	-1.8862678	AC0148-C	80
8.814388	-2.0590162	AC0150-C	80
8.496363	-2.6350126	AC0160-C	80
8.6227865	-3.0080023	AC0164-C	80
8.664645	-2.1170034	AC0170-C	80
8.81323	-2.1256018	AC0172-C	80
8.888618	-1.6353065	AC0173-C	80
8.658032	-2.6435308	AC0183-C	80
8.765589	-2.1477308	AC0190-C	80
8.628767	-2.741084	AC0194-C	80
8.7830105	-2.059001	AC0195-C	80
8.962192	-2.3109808	AC0201-C	80
8.525202	-2.6705084	AC0202-C	80
9.426214	2.322301	AJ0023-C	80
9.3068905	2.2664003	AJ0036-C	80
9.427889	2.53901	AJ0043-C	80
9.280059	2.798688	AJ0045-C	80
9.716971	3.5588388	AJ0052-C	80
9.247097	1.7812394	AJ0066-C	80
8.574888	0.73508537	AJ0070-C	80
9.361644	2.5374498	AJ0074-C	80
7.3853297	-0.64822304	AJ0081-C	80
8.4207945	1.0154237	AJ0085-C	80
9.639747	3.5736628	AJ0090-C	80
10.063036	4.4342165	AJ0096-C	80
9.553969	3.5414286	AJ0100-C	80
9.422167	2.566144	AJ0105-C	80
9.049617	1.1777543	AJ0113-C	80
10.015223	5.0127916	AJ0116-C	80
21.476707	28.500145	AK0066-C	80
22.775389	28.85406	AK0074-C	80
22.612566	28.782627	AK0079-C	80
28.198954	34.965515	AK0081-C	80
26.422014	32.519337	AK0085-C	80
26.961048	33.530807	AK0088-C	80
21.669823	28.505264	AK0094-C	80
24.125277	30.871685	AK0095-C	80
27.856474	35.31002	AK0098-C	80
25.379559	32.962048	AK0103-C	80
22.099993	29.289675	AK0127-C	80
7.817467	-4.5053205	AN0020-C	80
8.134891	-3.974784	AN0027-C	80
7.9255486	-4.085189	AN0028-C	80
8.047122	-4.1875715	AN0031-C	80
7.7977858	-4.709136	AN0038-C	80
7.7883625	-5.078391	AN0043-C	80
7.324177	-6.5800505	AN0067-C	80
8.013106	-4.431281	AN0079-C	80
7.9987435	-4.0382795	AN0080-C	80
7.9074516	-4.7599897	AN0083-C	80
8.398918	-4.1047697	AN0086-C	80
7.3203773	-5.5545187	AN0088-C	80
7.959532	-4.2986975	AN0091-C	80
8.142455	-4.395602	AN0094-C	80
6.903501	-6.789363	AN0095-C	80
8.258947	-3.7813597	AN0096-C	80
7.908259	-4.126067	AN0098-C	80
8.155736	-3.992301	AN0099-C	80
7.7951803	-4.8899794	AN0108-C	80
8.027074	-4.1554327	AN0109-C	80
7.9045362	-4.345317	AN0112-C	80
8.064765	-4.466712	AN0113-C	80
7.972789	-4.534671	AN0115-C	80
7.7978525	-4.307708	AN0147-C	80
7.5277486	-5.334819	AN0163-C	80
6.0611615	-8.510261	AN0166-C	80
7.1980467	-5.5259924	AN0171-C	80
10.063489	-2.5962553	AN0174-C	80
7.32837	-6.037551	AN0188-C	80
7.3345666	-5.835101	AN0189-C	80
7.6554046	-5.2277937	AN0198-C	80
6.987195	-6.012458	AN0199-C	80
7.3612657	-5.7030478	AN0204-C	80
8.40318	-3.7289915	AN0222-C	80
7.6507907	-3.8330717	AN0223-C	80
8.178122	-4.010066	AN0235-C	80
7.8715243	-4.4264135	AN0236-C	80
7.8764467	-4.302737	AN0237-C	80
6.3566914	-8.225356	AN0247-C	80
8.197062	-3.7209845	AN0256-C	80
7.603583	-5.1784124	AN0266-C	80
6.776696	-7.0051374	AN0267-C	80
8.251319	-3.7138662	AN0287-C	80
8.726088	-4.0723333	AN0297-C	80
7.8852615	-4.730853	AN0301-C	80
7.683812	-4.753001	AN0303-C	80
7.8526216	-4.2094755	AN0308-C	80
6.9781594	-6.0089445	AN0312-C	80
8.085868	-4.303878	AN0313-C	80
-18.593588	-11.993094	AR0007-C	80
-18.392475	-12.052253	AR0010-C	80
-17.836292	-11.920527	AR0059-C	80
-18.00439	-11.907733	AR0062-C	80
-19.119045	-12.043052	AR0066-C	80
-18.035082	-11.999743	AR0070-C	80
-18.17689	-12.020087	AR0076-C	80
-18.656107	-11.996654	AR0084-C	80
-17.282146	-11.88478	AR0093-C	80
-18.897842	-11.986403	AR0096-C	80
4.3693323	-15.37382	AS0003-C	80
3.243729	-14.792834	AS0011-C	80
4.212582	-14.8726225	AS0018-C	80
3.9718132	-15.200149	AS0028-C	80
4.186644	-15.422915	AS0032-C	80
2.9219623	-14.82857	AS0034-C	80
4.465975	-15.630374	AS0039-C	80
3.8682053	-14.8897085	AS0045-C	80
3.5670986	-15.138419	AS0065-C	80
3.5579298	-15.850074	AS0073-C	80
3.986832	-14.371985	AS0074-C	80
7.9866796	-4.3273764	AV0002-C	80
8.041598	-4.1911	AV0003-C	80
8.090594	-4.0498915	AV0009-C	80
7.8854833	-4.574054	AV0010-C	80
8.203006	-3.798789	AV0012-C	80
7.9961944	-4.658263	AV0018-C	80
7.6467376	-5.1460257	AV0033-C	80
8.153489	-3.5004797	AV0036-C	80
-3.1804638	-11.170106	AB0089-C	90
-3.2918558	-11.103757	AB0097-C	90
-3.2974331	-11.188775	AB0098-C	90
-3.4226131	-11.3033495	AB0111-C	90
-3.27966	-11.224023	AB0112-C	90
7.6346636	-4.9397664	AB0119-C	90
-3.3104656	-11.161897	AB0123-C	90
8.046102	-3.8299794	AB0127-C	90
7.915465	-3.7575192	AB0130-C	90
7.795959	-4.500073	AB0134-C	90
7.7606573	-4.6190953	AB0147-C	90
7.917615	-4.0677724	AB0155-C	90
7.800239	-4.307011	AB0160-C	90
7.9095445	-4.6066556	AB0166-C	90
8.06467	-3.9480443	AB0172-C	90
7.773522	-4.5164304	AB0173-C	90
7.8233423	-3.9665418	AB0176-C	90
7.890191	-4.2271237	AB0179-C	90
-3.5824175	-11.2742815	AB0182-C	90
-3.3583634	-11.19209	AB0187-C	90
7.990458	-4.1384854	AB0199-C	90
7.7741637	-4.487618	AB0201-C	90
7.8481684	-4.3061643	AB0202-C	90
-3.3838964	-11.186425	AB0209-C	90
-3.3939266	-11.153554	AB0210-C	90
-2.9401956	-11.054463	AB0219-C	90
-3.543611	-11.209897	AB0223-C	90
7.641362	-4.8731046	AB0228-C	90
8.944801	-1.7826581	AC0097-C	90
8.689721	-2.3515706	AC0110-C	90
8.473873	-2.5990415	AC0114-C	90
8.822716	-2.05156	AC0116-C	90
8.608835	-2.2283254	AC0122-C	90
8.720701	-2.4894414	AC0142-C	90
8.689704	-2.6317906	AC0147-C	90
8.93779	-1.8849874	AC0148-C	90
8.762308	-2.0462003	AC0150-C	90
8.412505	-2.6298108	AC0160-C	90
8.522796	-3.0001683	AC0164-C	90
8.634464	-2.102364	AC0170-C	90
8.745299	-2.11871	AC0172-C	90
8.811574	-1.6369443	AC0173-C	90
8.625576	-2.6336064	AC0183-C	90
8.678642	-2.1419072	AC0190-C	90
8.515372	-2.7306485	AC0194-C	90
8.717287	-2.0523992	AC0195-C	90
8.870079	-2.3162808	AC0201-C	90
8.490266	-2.6674504	AC0202-C	90
9.279138	2.3034205	AJ0023-C	90
9.166968	2.253551	AJ0036-C	90
9.37111	2.5272822	AJ0043-C	90
9.3272085	2.7789226	AJ0045-C	90
9.657455	3.5536075	AJ0052-C	90
9.136518	1.763824	AJ0066-C	90
8.517099	0.7063365	AJ0070-C	90
9.3878355	2.5319858	AJ0074-C	90
7.3431616	-0.6617093	AJ0081-C	90
8.383079	0.9996791	AJ0085-C	90
9.801051	3.5613208	AJ0090-C	90
9.996424	4.416843	AJ0096-C	90
9.4142685	3.5360026	AJ0100-C	90
9.406044	2.5510821	AJ0105-C	90
8.97871	1.1529689	AJ0113-C	90
9.909477	4.985267	AJ0116-C	90
21.176064	28.244171	AK0066-C	90
22.334955	28.58	AK0074-C	90
22.398363	28.509209	AK0079-C	90
28.190857	35.022293	AK0081-C	90
26.274971	32.400593	AK0085-C	90
26.873837	33.631596	AK0088-C	90
21.360601	28.240078	AK0094-C	90
23.87411	30.688248	AK0095-C	90
27.65237	35.307926	AK0098-C	90
25.170933	32.933067	AK0103-C	90
21.415268	29.007807	AK0127-C	90
7.6289477	-4.569596	AN0020-C	90
8.063044	-4.019833	AN0027-C	90
7.7914553	-4.124291	AN0028-C	90
7.951829	-4.224335	AN0031-C	90
7.699946	-4.738587	AN0038-C	90
7.733594	-5.1160474	AN0043-C	90
7.2290516	-6.618504	AN0067-C	90
7.8998694	-4.468201	AN0079-C	90
7.8763056	-4.063275	AN0080-C	90
7.812261	-4.7960668	AN0083-C	90
8.291758	-4.1468434	AN0086-C	90
7.2525134	-5.5939183	AN0088-C	90
7.8248096	-4.332806	AN0091-C	90
8.035965	-4.4301305	AN0094-C	90
6.815422	-6.82676	AN0095-C	90
8.185551	-3.8007894	AN0096-C	90
7.846371	-4.1680913	AN0098-C	90
8.093025	-4.0234113	AN0099-C	90
7.691647	-4.9311643	AN0108-C	90
7.91344	-4.1922536	AN0109-C	90
7.8509784	-4.382897	AN0112-C	90
7.958614	-4.502751	AN0113-C	90
7.887039	-4.566502	AN0115-C	90
7.681688	-4.362019	AN0147-C	90
7.5132294	-5.3764386	AN0163-C	90
5.9644985	-8.560216	AN0166-C	90
7.099293	-5.586468	AN0171-C	90
10.041829	-2.6878324	AN0174-C	90
7.244709	-6.0885205	AN0188-C	90
7.2572246	-5.873898	AN0189-C	90
7.5904155	-5.2633824	AN0198-C	90
6.907426	-6.045922	AN0199-C	90
7.2466497	-5.7265096	AN0204-C	90
8.331224	-3.7672544	AN0222-C	90
7.640207	-3.8571362	AN0223-C	90
8.071913	-4.0425267	AN0235-C	90
7.7583323	-4.465031	AN0236-C	90
7.76181	-4.3404775	AN0237-C	90
6.2896976	-8.261704	AN0247-C	90
8.107021	-3.7470212	AN0256-C	90
7.504715	-5.2075353	AN0266-C	90
6.6770062	-7.0339475	AN0267-C	90
8.163714	-3.7493558	AN0287-C	90
8.622557	-4.133553	AN0297-C	90
7.7970676	-4.7513967	AN0301-C	90
7.5825777	-4.7921453	AN0303-C	90
7.74364	-4.247353	AN0308-C	90
6.8847	-6.0407186	AN0312-C	90
7.96189	-4.333367	AN0313-C	90
-18.396189	-11.746579	AR0007-C	90
-18.20049	-11.806672	AR0010-C	90
-17.643831	-11.678941	AR0059-C	90
-17.809328	-11.664365	AR0062-C	90
-18.915976	-11.796113	AR0066-C	90
-17.841555	-11.753911	AR0070-C	90
-17.980879	-11.776483	AR0076-C	90
-18.457846	-11.748036	AR0084-C	90
-17.092276	-11.648625	AR0093-C	90
-18.697004	-11.739121	AR0096-C	90
4.365373	-15.410493	AS0003-C	90
3.1962209	-14.804658	AS0011-C	90
4.1511545	-14.900666	AS0018-C	90
3.9268491	-15.228234	AS0028-C	90
4.1520743	-15.450456	AS0032-C	90
2.8908813	-14.83915	AS0034-C	90
4.4068923	-15.665315	AS0039-C	90
3.821247	-14.913632	AS0045-C	90
3.5326602	-15.165193	AS0065-C	90
3.5189192	-15.882775	AS0073-C	90
3.9306846	-14.395982	AS0074-C	90
7.8625817	-4.3622136	AV0002-C	90
7.948059	-4.229378	AV0003-C	90
7.9831715	-4.0875287	AV0009-C	90
7.760586	-4.6149297	AV0010-C	90
8.107358	-3.834084	AV0012-C	90
7.9256525	-4.6994634	AV0018-C	90
7.559852	-5.1828313	AV0033-C	90
8.045147	-3.5410542	AV0036-C	90
