0	1	sampleID	epoch
63.18214	10.238912	HGDP00459	0
62.280933	9.440783	HGDP01031	0
62.457672	10.257713	HGDP00944	0
66.46464	11.398379	HGDP01216	0
61.935158	9.650017	HGDP00911	0
67.0589	11.729743	HGDP01244	0
63.119213	4.840275	HGDP00462	0
62.45338	10.196518	HGDP01412	0
62.482277	9.780903	HGDP01283	0
62.12002	8.824302	HGDP00993	0
64.67019	11.990857	HGDP01298	0
67.629395	11.118646	HGDP00541	0
62.357082	9.959024	HGDP01285	0
66.95262	11.226264	HGDP00547	0
64.89882	12.285824	HGDP00005	0
64.61711	12.303368	HGDP01257	0
67.087494	11.382477	HGDP00544	0
66.83524	11.011763	HGDP00543	0
61.37751	9.567321	HGDP00933	0
62.702404	10.115765	HGDP00920	0
63.354946	10.619091	HGDP00938	0
63.42168	12.546329	HGDP00724	0
67.05287	11.391442	HGDP01190	0
62.563057	10.815066	HGDP01415	0
66.63083	11.416263	HGDP00781	0
66.64545	11.5591	HGDP01214	0
63.16618	5.2330294	HGDP00984	0
67.46865	11.483132	HGDP00812	0
62.430912	9.924183	HGDP00917	0
67.35968	11.612094	HGDP00818	0
66.12754	11.241708	HGDP00784	0
67.623	11.253533	HGDP01196	0
67.31075	11.250817	HGDP01321	0
67.29535	11.765077	HGDP00817	0
67.42123	11.676188	HGDP01195	0
67.57904	11.631436	HGDP01193	0
66.513596	11.335991	HGDP01197	0
67.19485	11.56025	HGDP01295	0
68.38252	11.904334	HGDP01288	0
67.52199	11.389135	HGDP00762	0
67.136375	11.534482	HGDP01331	0
67.32036	11.460339	HGDP01233	0
67.29446	11.458628	HGDP01207	0
67.018074	11.488722	HGDP00819	0
66.96871	11.822753	HGDP00966	0
66.79993	11.662738	HGDP00716	0
67.00322	11.613302	HGDP01230	0
65.38918	12.151692	HGDP00376	0
65.18849	12.500853	HGDP00364	0
67.241394	11.457849	HGDP00750	0
66.58789	11.209289	HGDP01237	0
67.747505	11.536019	HGDP00756	0
66.76529	11.589722	HGDP00963	0
66.827484	11.786281	HGDP00950	0
64.793755	12.144115	HGDP00104	0
67.76175	11.4229555	HGDP00761	0
66.78048	11.419277	HGDP01241	0
67.0486	11.556422	HGDP01231	0
65.8277	11.516778	HGDP00969	0
63.89826	12.106137	HGDP00035	0
65.01423	12.524894	HGDP00262	0
64.63339	12.274115	HGDP00043	0
63.192173	11.915496	HGDP00074	0
64.89638	12.587747	HGDP00072	0
63.54733	12.902514	HGDP01358	0
64.942154	12.250615	HGDP00264	0
66.37604	12.599709	HGDP00330	0
65.170334	12.290177	HGDP00417	0
66.23758	12.338584	HGDP00402	0
65.13735	12.694639	HGDP00096	0
64.169205	11.826942	HGDP00141	0
64.08139	12.220577	HGDP00086	0
64.935776	12.642365	HGDP00251	0
63.22447	12.373222	HGDP00150	0
63.673634	12.068125	HGDP00153	0
63.575413	12.709374	HGDP01357	0
64.404144	12.779751	HGDP00527	0
63.942142	12.668951	HGDP00524	0
63.36384	12.5218525	HGDP00535	0
64.33935	12.774037	HGDP00523	0
64.15598	13.020865	HGDP00528	0
64.551605	12.094622	HGDP00151	0
63.89281	12.880413	HGDP00516	0
63.5419	12.053572	HGDP00140	0
64.77546	12.75531	HGDP00144	0
64.818695	12.827613	HGDP00889	0
64.2536	12.846014	HGDP01397	0
63.320988	13.024444	HGDP00525	0
64.49577	12.572333	HGDP00897	0
64.0757	12.632386	HGDP00885	0
64.76032	12.552715	HGDP00888	0
62.285885	12.497318	HGDP00671	0
62.97696	12.799154	HGDP01157	0
64.148605	12.846843	HGDP00561	0
62.686497	12.654561	HGDP01375	0
63.788536	12.830349	HGDP00807	0
63.261654	12.540563	HGDP00579	0
64.299095	12.907988	HGDP00590	0
63.347034	12.632951	HGDP00803	0
64.3772	12.253328	HGDP00129	0
64.015625	12.890907	HGDP00684	0
63.654133	12.4132595	HGDP00620	0
63.231297	12.704094	HGDP01169	0
65.96655	11.9351	HGDP00120	0
69.22905	11.9455	HGDP01001	0
64.47075	12.465224	HGDP00623	0
63.510136	12.525021	HGDP00685	0
64.424805	13.366658	HGDP01069	0
65.712135	11.999389	HGDP00121	0
67.65817	12.137751	HGDP00663	0
69.21228	11.997329	HGDP00999	0
64.10642	12.54346	HGDP00643	0
64.28638	12.665075	HGDP00640	0
68.97134	12.605648	HGDP01058	0
63.421043	12.859607	HGDP00679	0
63.484184	12.392663	HGDP00688	0
63.736156	12.441098	HGDP00635	0
63.803104	12.700242	HGDP00672	0
63.358646	12.538562	HGDP00678	0
64.36946	12.999928	HGDP00615	0
67.98231	12.231047	HGDP00859	0
63.762325	12.52262	HGDP00624	0
65.01693	12.932868	HGDP00648	0
62.346615	10.466417	HGDP01270	0
69.3034	12.330799	HGDP01059	0
63.74335	12.392802	HGDP01276	0
63.684868	12.874405	HGDP00625	0
64.04575	12.778047	HGDP01373	0
63.198425	12.148131	HGDP00683	0
64.078064	12.426801	HGDP00636	0
63.69019	13.121603	HGDP01370	0
64.02743	13.099947	HGDP00599	0
63.95077	12.094234	HGDP00041	0
63.981647	12.625097	HGDP01372	0
64.149254	12.758616	HGDP00558	0
62.341908	10.379165	HGDP00455	0
64.12089	13.1829405	HGDP00611	0
63.996445	12.516702	HGDP00730	0
64.66818	13.226299	HGDP00729	0
69.23952	12.115752	HGDP01014	0
69.0299	12.12459	HGDP00862	0
63.600845	12.731794	HGDP00634	0
63.51859	12.959766	HGDP00734	0
63.949417	12.734504	HGDP00733	0
62.725883	12.803605	HGDP01380	0
62.803806	12.440255	HGDP00622	0
62.844006	11.821201	HGDP01264	0
64.019875	13.080111	HGDP00692	0
63.75681	12.359406	HGDP00627	0
66.44533	12.428116	HGDP00281	0
63.945515	12.402038	HGDP00606	0
63.725006	12.659499	HGDP00689	0
64.106224	12.287014	HGDP00567	0
68.967125	12.451245	HGDP00865	0
64.511406	12.629984	HGDP00630	0
63.159718	12.12994	HGDP01279	0
68.0083	11.547315	HGDP00998	0
62.982227	12.413834	HGDP00725	0
66.75143	11.298009	HGDP01338	0
62.080273	5.0131283	HGDP00449	0
62.808704	4.7937727	HGDP00476	0
65.77968	10.7206335	HGDP00548	0
66.205086	11.336963	HGDP01198	0
66.95413	11.24612	HGDP00785	0
64.235306	12.385306	HGDP00903	0
66.360085	11.428689	HGDP01098	0
65.78512	11.313601	HGDP01315	0
63.386234	12.457782	HGDP01364	0
63.46032	12.712134	HGDP01153	0
65.83678	11.453581	HGDP01242	0
61.971287	10.635051	HGDP01417	0
66.16551	11.331897	HGDP01308	0
68.20186	11.820704	HGDP01018	0
63.05018	12.540596	HGDP00526	0
65.698456	11.322773	HGDP00717	0
62.628822	12.5738535	HGDP01172	0
66.01843	11.219916	HGDP01095	0
68.37818	11.789262	HGDP01012	0
63.91134	12.8262415	HGDP01168	0
65.80435	11.758827	HGDP00125	0
61.053707	10.293693	HGDP01028	0
66.49502	11.407741	HGDP01191	0
62.582924	10.36691	HGDP00461	0
66.42744	11.386832	HGDP01312	0
61.67854	9.885945	HGDP00928	0
66.64925	11.102749	HGDP01211	0
30.080248	1.2568353	HGDP00459	10
31.813875	1.4028467	HGDP01031	10
32.66534	2.094297	HGDP00944	10
44.383938	14.68644	HGDP01216	10
31.75104	1.5356306	HGDP00911	10
44.409924	14.898672	HGDP01244	10
31.50687	-1.8042389	HGDP00462	10
33.68045	1.9563841	HGDP01412	10
31.75498	1.4498466	HGDP01283	10
32.029327	1.1125816	HGDP00993	10
41.95879	14.988484	HGDP01298	10
43.235226	12.703753	HGDP00541	10
32.503056	2.088923	HGDP01285	10
42.9837	12.7816	HGDP00547	10
41.16634	14.86829	HGDP00005	10
38.4627	11.493078	HGDP01257	10
43.287037	13.124204	HGDP00544	10
42.434467	12.373508	HGDP00543	10
31.866829	1.9909576	HGDP00933	10
31.96382	1.6658872	HGDP00920	10
32.72155	1.9207538	HGDP00938	10
39.48625	13.695326	HGDP00724	10
44.91294	14.780915	HGDP01190	10
34.145813	3.8372922	HGDP01415	10
44.461433	14.721154	HGDP00781	10
44.045864	14.355557	HGDP01214	10
31.871946	-1.6638714	HGDP00984	10
44.93991	14.481602	HGDP00812	10
32.97331	2.153481	HGDP00917	10
44.86186	14.617789	HGDP00818	10
44.162663	14.531131	HGDP00784	10
45.18397	14.5064535	HGDP01196	10
44.922287	14.145757	HGDP01321	10
44.77186	14.776431	HGDP00817	10
44.93484	14.906784	HGDP01195	10
45.095562	14.99643	HGDP01193	10
44.434105	14.751933	HGDP01197	10
44.712357	14.683971	HGDP01295	10
45.49216	15.273717	HGDP01288	10
44.932945	14.512663	HGDP00762	10
44.796947	14.601168	HGDP01331	10
44.860706	14.909104	HGDP01233	10
45.142303	14.930603	HGDP01207	10
44.65321	14.779833	HGDP00819	10
44.321407	15.042388	HGDP00966	10
44.41816	14.723881	HGDP00716	10
44.67242	14.943864	HGDP01230	10
41.97332	14.741536	HGDP00376	10
41.497974	15.517162	HGDP00364	10
44.833374	14.730794	HGDP00750	10
44.407986	14.468061	HGDP01237	10
45.106678	14.893831	HGDP00756	10
44.37465	15.231855	HGDP00963	10
44.284023	15.658915	HGDP00950	10
41.983173	14.898023	HGDP00104	10
45.070786	14.405919	HGDP00761	10
44.38318	14.53587	HGDP01241	10
44.55952	14.888273	HGDP01231	10
43.644993	14.743781	HGDP00969	10
40.605175	14.627573	HGDP00035	10
41.622135	15.1833315	HGDP00262	10
40.989582	14.7899685	HGDP00043	10
39.93044	14.067926	HGDP00074	10
41.048195	14.902302	HGDP00072	10
40.12436	15.843762	HGDP01358	10
41.45642	14.94867	HGDP00264	10
42.34659	14.9353485	HGDP00330	10
41.79593	14.994607	HGDP00417	10
42.57593	15.141354	HGDP00402	10
41.274036	15.186211	HGDP00096	10
39.761936	13.20177	HGDP00141	10
40.669334	14.829512	HGDP00086	10
41.35821	15.211398	HGDP00251	10
38.4913	12.738495	HGDP00150	10
39.685566	13.576326	HGDP00153	10
40.33552	15.780042	HGDP01357	10
40.697468	15.533636	HGDP00527	10
40.44348	15.378152	HGDP00524	10
40.17461	15.147866	HGDP00535	10
40.736042	15.424645	HGDP00523	10
40.67108	15.646507	HGDP00528	10
40.410397	13.757048	HGDP00151	10
40.35583	15.292813	HGDP00516	10
39.680027	13.479264	HGDP00140	10
40.44456	14.487302	HGDP00144	10
41.17966	15.779712	HGDP00889	10
40.672108	15.5327015	HGDP01397	10
39.75523	15.51647	HGDP00525	10
41.075756	16.210342	HGDP00897	10
40.91576	15.663505	HGDP00885	10
41.407013	15.625698	HGDP00888	10
39.329884	15.073894	HGDP00671	10
39.780132	15.389523	HGDP01157	10
39.921246	16.352285	HGDP00561	10
39.692383	15.786723	HGDP01375	10
40.456135	15.688643	HGDP00807	10
39.921925	14.85082	HGDP00579	10
40.135952	16.181313	HGDP00590	10
40.054585	15.017707	HGDP00803	10
41.27078	14.62239	HGDP00129	10
40.09827	14.652208	HGDP00684	10
39.478336	13.946122	HGDP00620	10
40.148846	15.578438	HGDP01169	10
42.98691	14.950817	HGDP00120	10
46.46443	15.024929	HGDP01001	10
39.664577	13.6041565	HGDP00623	10
39.01058	13.6415205	HGDP00685	10
40.52306	15.9896145	HGDP01069	10
43.131878	14.82483	HGDP00121	10
43.22459	13.665383	HGDP00663	10
46.55812	15.10594	HGDP00999	10
39.433792	13.602852	HGDP00643	10
39.46472	13.756773	HGDP00640	10
45.70999	14.865847	HGDP01058	10
39.36861	14.214396	HGDP00679	10
38.966373	12.957617	HGDP00688	10
39.39586	13.756673	HGDP00635	10
40.020782	15.383165	HGDP00672	10
39.257565	14.931631	HGDP00678	10
40.11222	15.098337	HGDP00615	10
44.90526	14.564778	HGDP00859	10
38.97214	13.570665	HGDP00624	10
40.454777	14.73705	HGDP00648	10
35.22738	5.7242866	HGDP01270	10
46.160885	14.526525	HGDP01059	10
37.919064	12.410205	HGDP01276	10
39.23198	14.311814	HGDP00625	10
40.617027	15.731012	HGDP01373	10
39.495975	13.669456	HGDP00683	10
39.504284	13.660942	HGDP00636	10
40.15422	15.730611	HGDP01370	10
40.38629	15.1878195	HGDP00599	10
40.520866	14.284099	HGDP00041	10
40.563732	15.234934	HGDP01372	10
39.85596	15.887026	HGDP00558	10
29.476416	0.44113678	HGDP00455	10
39.29475	14.561592	HGDP00611	10
39.746445	14.818078	HGDP00730	10
40.017384	15.193684	HGDP00729	10
46.241253	14.9184885	HGDP01014	10
45.949722	14.448543	HGDP00862	10
39.493465	14.418168	HGDP00634	10
39.01411	14.888258	HGDP00734	10
39.815014	15.060667	HGDP00733	10
39.617355	15.27627	HGDP01380	10
39.27901	13.910857	HGDP00622	10
37.73701	11.54539	HGDP01264	10
39.87279	14.844695	HGDP00692	10
38.70657	13.243312	HGDP00627	10
42.196217	15.023799	HGDP00281	10
39.897587	14.025525	HGDP00606	10
39.941128	15.00246	HGDP00689	10
40.205055	14.922527	HGDP00567	10
45.87831	14.960475	HGDP00865	10
39.937515	14.275949	HGDP00630	10
37.669224	11.621989	HGDP01279	10
45.42245	14.363133	HGDP00998	10
39.37578	13.786346	HGDP00725	10
44.72092	14.436371	HGDP01338	10
31.120947	-1.463287	HGDP00449	10
31.386858	-1.2877756	HGDP00476	10
41.98425	12.71707	HGDP00548	10
44.151375	14.531131	HGDP01198	10
44.762722	14.338448	HGDP00785	10
41.172894	15.419874	HGDP00903	10
44.38465	14.531471	HGDP01098	10
43.96733	14.5569105	HGDP01315	10
40.120056	15.30796	HGDP01364	10
40.331715	15.140846	HGDP01153	10
44.01144	14.552189	HGDP01242	10
33.07313	3.1234841	HGDP01417	10
44.063084	14.556823	HGDP01308	10
45.891598	15.088521	HGDP01018	10
40.054966	15.538599	HGDP00526	10
43.58873	14.181241	HGDP00717	10
39.642426	15.416859	HGDP01172	10
44.178432	14.397944	HGDP01095	10
45.909855	14.5227995	HGDP01012	10
40.625664	15.313806	HGDP01168	10
43.19478	14.945955	HGDP00125	10
31.29421	2.2215886	HGDP01028	10
44.375416	14.888051	HGDP01191	10
30.4382	0.2552809	HGDP00461	10
44.376186	14.552043	HGDP01312	10
31.80638	1.965751	HGDP00928	10
44.640476	14.329385	HGDP01211	10
11.544084	-5.1490674	HGDP00459	20
13.17318	-4.941893	HGDP01031	20
13.75432	-4.921469	HGDP00944	20
26.074932	6.633698	HGDP01216	20
13.252825	-4.336204	HGDP00911	20
25.397007	7.011661	HGDP01244	20
10.8548975	-8.95707	HGDP00462	20
13.387381	-4.5760055	HGDP01412	20
13.620817	-4.2846293	HGDP01283	20
13.702681	-4.7048793	HGDP00993	20
21.507267	7.772409	HGDP01298	20
22.303116	4.5747323	HGDP00541	20
13.512089	-4.123222	HGDP01285	20
22.593786	5.2287116	HGDP00547	20
18.961714	8.735315	HGDP00005	20
16.262365	4.830169	HGDP01257	20
22.97952	5.2089896	HGDP00544	20
22.401228	3.8944638	HGDP00543	20
13.428744	-4.225384	HGDP00933	20
13.307042	-4.5917096	HGDP00920	20
13.676662	-4.3639245	HGDP00938	20
17.48678	7.1946874	HGDP00724	20
27.076958	5.989261	HGDP01190	20
14.826207	-2.8110874	HGDP01415	20
26.238997	6.2913365	HGDP00781	20
24.989628	6.6884503	HGDP01214	20
10.728335	-8.837335	HGDP00984	20
26.252304	6.38746	HGDP00812	20
13.966626	-4.198754	HGDP00917	20
26.218489	6.6007867	HGDP00818	20
25.86894	6.38722	HGDP00784	20
26.849073	5.891051	HGDP01196	20
26.607504	5.8138433	HGDP01321	20
25.844	6.553004	HGDP00817	20
26.32561	6.512155	HGDP01195	20
26.410435	6.5749516	HGDP01193	20
26.215662	6.290095	HGDP01197	20
25.955864	6.597221	HGDP01295	20
26.44123	6.946606	HGDP01288	20
26.339424	6.3015685	HGDP00762	20
26.423508	6.552653	HGDP01331	20
26.175095	6.771149	HGDP01233	20
26.898739	6.4961314	HGDP01207	20
26.342243	6.396809	HGDP00819	20
24.888662	7.5192437	HGDP00966	20
25.779816	6.4340863	HGDP00716	20
25.702738	7.1722054	HGDP01230	20
20.091871	8.50796	HGDP00376	20
19.53027	9.118319	HGDP00364	20
26.323378	6.5402055	HGDP00750	20
25.837523	6.6876616	HGDP01237	20
26.394022	6.5683703	HGDP00756	20
25.446539	7.1888623	HGDP00963	20
25.207645	7.6119123	HGDP00950	20
20.77397	7.8869176	HGDP00104	20
26.200548	6.3852963	HGDP00761	20
25.686934	6.6175265	HGDP01241	20
25.830969	6.7845454	HGDP01231	20
24.650156	7.0018888	HGDP00969	20
18.664524	8.543266	HGDP00035	20
19.228014	8.999685	HGDP00262	20
18.600416	8.37225	HGDP00043	20
18.234674	8.006083	HGDP00074	20
18.73298	8.581457	HGDP00072	20
17.705072	10.296562	HGDP01358	20
19.32838	8.879899	HGDP00264	20
19.66552	8.673759	HGDP00330	20
19.76396	8.551157	HGDP00417	20
20.3878	8.419692	HGDP00402	20
18.788256	8.835561	HGDP00096	20
18.107151	6.956206	HGDP00141	20
18.50079	8.675256	HGDP00086	20
19.082838	9.077976	HGDP00251	20
17.774694	5.8716273	HGDP00150	20
18.03263	7.489185	HGDP00153	20
17.723341	10.419125	HGDP01357	20
17.945955	9.672157	HGDP00527	20
17.932543	9.459626	HGDP00524	20
17.740963	9.580829	HGDP00535	20
17.985804	9.499856	HGDP00523	20
17.978695	9.641862	HGDP00528	20
18.499332	7.548923	HGDP00151	20
17.85454	9.124642	HGDP00516	20
18.19787	7.231461	HGDP00140	20
18.49324	7.9862523	HGDP00144	20
18.49902	10.140694	HGDP00889	20
18.20976	9.68317	HGDP01397	20
17.43311	9.507211	HGDP00525	20
18.821209	10.418163	HGDP00897	20
18.583519	9.952159	HGDP00885	20
18.77667	9.821312	HGDP00888	20
17.31379	9.318315	HGDP00671	20
17.591093	9.274863	HGDP01157	20
16.943787	10.603618	HGDP00561	20
17.638432	10.400128	HGDP01375	20
17.885172	9.610272	HGDP00807	20
17.527594	8.3916	HGDP00579	20
17.281088	10.618524	HGDP00590	20
17.961073	9.0807295	HGDP00803	20
19.569649	8.322141	HGDP00129	20
17.93863	7.9441648	HGDP00684	20
17.471504	7.6515336	HGDP00620	20
17.902576	9.573519	HGDP01169	20
22.339592	7.6701713	HGDP00120	20
26.053978	6.5270705	HGDP01001	20
17.025314	6.9410844	HGDP00623	20
17.2224	6.930158	HGDP00685	20
17.787237	10.052259	HGDP01069	20
23.088009	7.556192	HGDP00121	20
22.380703	5.2186513	HGDP00663	20
26.382252	6.496386	HGDP00999	20
16.891678	7.2040515	HGDP00643	20
17.457935	6.8684955	HGDP00640	20
25.294847	7.4508624	HGDP01058	20
17.169346	7.3789506	HGDP00679	20
17.270761	6.403527	HGDP00688	20
17.394505	7.165108	HGDP00635	20
17.366827	10.24442	HGDP00672	20
16.823603	8.9734	HGDP00678	20
17.537783	8.71634	HGDP00615	20
24.96439	7.051762	HGDP00859	20
16.572021	7.014069	HGDP00624	20
17.355648	8.057609	HGDP00648	20
15.775351	-0.43080014	HGDP01270	20
25.939924	7.2305226	HGDP01059	20
16.154947	4.9598336	HGDP01276	20
16.765263	8.029136	HGDP00625	20
17.899961	10.141356	HGDP01373	20
17.456846	7.7506995	HGDP00683	20
17.05879	7.0122066	HGDP00636	20
17.735672	9.952332	HGDP01370	20
17.919533	8.51147	HGDP00599	20
18.240564	8.614981	HGDP00041	20
17.877226	9.73304	HGDP01372	20
17.074707	10.082382	HGDP00558	20
11.102745	-5.310043	HGDP00455	20
16.95445	7.7758985	HGDP00611	20
17.38281	8.915584	HGDP00730	20
17.101154	8.5648775	HGDP00729	20
25.167744	6.4387383	HGDP01014	20
25.715532	7.0431848	HGDP00862	20
17.378511	7.872256	HGDP00634	20
16.808495	8.306656	HGDP00734	20
17.174707	8.585766	HGDP00733	20
17.503963	9.636902	HGDP01380	20
17.286173	7.647038	HGDP00622	20
15.932703	5.1851754	HGDP01264	20
17.56773	8.103878	HGDP00692	20
16.89156	6.377731	HGDP00627	20
19.554964	9.099601	HGDP00281	20
17.64864	7.7802777	HGDP00606	20
17.606754	8.417142	HGDP00689	20
17.649242	9.463831	HGDP00567	20
25.739162	7.4946485	HGDP00865	20
17.052477	7.5343194	HGDP00630	20
16.079252	4.6391873	HGDP01279	20
25.958986	5.665241	HGDP00998	20
17.50587	7.4185786	HGDP00725	20
26.443415	6.4076695	HGDP01338	20
9.925438	-8.45608	HGDP00449	20
10.534105	-8.587935	HGDP00476	20
22.894981	4.1888757	HGDP00548	20
26.173908	6.338036	HGDP01198	20
26.522404	6.05275	HGDP00785	20
18.807123	9.616094	HGDP00903	20
26.217928	6.2645125	HGDP01098	20
25.927076	6.173325	HGDP01315	20
17.837425	9.771642	HGDP01364	20
18.104511	9.136146	HGDP01153	20
25.670906	6.686744	HGDP01242	20
14.019524	-3.116081	HGDP01417	20
25.865297	6.3922935	HGDP01308	20
26.384607	6.2649636	HGDP01018	20
17.779404	10.018569	HGDP00526	20
25.197287	6.470303	HGDP00717	20
17.667463	9.555251	HGDP01172	20
26.3329	6.0967755	HGDP01095	20
26.10265	6.2392287	HGDP01012	20
18.139809	9.352273	HGDP01168	20
23.607204	7.5074143	HGDP00125	20
12.843242	-4.100408	HGDP01028	20
26.12538	6.633077	HGDP01191	20
11.676556	-5.509088	HGDP00461	20
26.40994	5.799566	HGDP01312	20
13.288996	-4.2029386	HGDP00928	20
26.185343	6.582333	HGDP01211	20
10.10528	-7.0849414	HGDP00459	30
11.131644	-6.6462445	HGDP01031	30
11.865091	-6.6758847	HGDP00944	30
22.964792	4.3239293	HGDP01216	30
11.779039	-6.378053	HGDP00911	30
22.195953	4.6571317	HGDP01244	30
8.5918865	-12.324527	HGDP00462	30
12.068172	-6.9560256	HGDP01412	30
11.72017	-6.758945	HGDP01283	30
11.395311	-7.4807296	HGDP00993	30
18.043064	5.6991715	HGDP01298	30
20.136658	2.5137455	HGDP00541	30
12.02524	-6.365809	HGDP01285	30
19.768934	3.128875	HGDP00547	30
16.219765	6.1117644	HGDP00005	30
13.852351	2.800835	HGDP01257	30
20.023163	3.3286412	HGDP00544	30
19.734118	2.589121	HGDP00543	30
11.865081	-6.075791	HGDP00933	30
11.538603	-6.344416	HGDP00920	30
11.994518	-6.070893	HGDP00938	30
14.861815	4.9070773	HGDP00724	30
23.68901	3.6198723	HGDP01190	30
12.919983	-4.7535405	HGDP01415	30
23.110563	4.152245	HGDP00781	30
21.827662	4.266702	HGDP01214	30
8.729072	-12.511552	HGDP00984	30
23.135925	3.9810126	HGDP00812	30
12.360574	-6.291596	HGDP00917	30
23.117403	4.260238	HGDP00818	30
22.807005	3.952123	HGDP00784	30
23.50589	3.629349	HGDP01196	30
23.484674	3.410372	HGDP01321	30
22.765202	4.1113677	HGDP00817	30
23.194656	4.1636367	HGDP01195	30
23.208538	4.1689944	HGDP01193	30
22.914948	3.8007052	HGDP01197	30
22.746046	4.217485	HGDP01295	30
23.202799	4.4585767	HGDP01288	30
23.175953	3.828234	HGDP00762	30
23.273586	4.1779428	HGDP01331	30
22.926847	4.2456574	HGDP01233	30
23.568607	3.9066107	HGDP01207	30
23.180805	4.0936007	HGDP00819	30
21.57668	4.9117036	HGDP00966	30
22.61403	4.019197	HGDP00716	30
22.526388	4.912995	HGDP01230	30
17.004074	6.2980638	HGDP00376	30
16.694221	6.657457	HGDP00364	30
23.143713	4.0932183	HGDP00750	30
22.833187	4.1057076	HGDP01237	30
23.12262	4.1055913	HGDP00756	30
22.254925	4.4356475	HGDP00963	30
21.489859	5.098534	HGDP00950	30
17.180405	5.9179387	HGDP00104	30
22.972378	3.9091837	HGDP00761	30
22.551762	4.0795207	HGDP01241	30
22.70804	4.2193522	HGDP01231	30
21.394733	4.52453	HGDP00969	30
16.101683	6.0092883	HGDP00035	30
16.441086	6.645515	HGDP00262	30
15.888505	5.9547887	HGDP00043	30
15.695752	5.5442863	HGDP00074	30
16.087322	5.9642596	HGDP00072	30
14.933219	7.9642015	HGDP01358	30
16.391676	6.6176124	HGDP00264	30
16.751421	6.3171973	HGDP00330	30
16.747246	6.5843606	HGDP00417	30
17.240803	6.310592	HGDP00402	30
16.122963	6.5246425	HGDP00096	30
15.657859	4.525005	HGDP00141	30
15.945107	6.3543525	HGDP00086	30
16.215412	6.781507	HGDP00251	30
15.317752	3.5927994	HGDP00150	30
15.484891	5.328419	HGDP00153	30
14.939132	8.075657	HGDP01357	30
15.291427	7.3646255	HGDP00527	30
15.274722	7.0274396	HGDP00524	30
15.086436	7.233726	HGDP00535	30
15.268693	7.191687	HGDP00523	30
15.206338	7.070802	HGDP00528	30
15.881637	5.2380605	HGDP00151	30
15.136111	6.879353	HGDP00516	30
15.623906	4.8535886	HGDP00140	30
15.873191	5.4419074	HGDP00144	30
15.743678	7.6347194	HGDP00889	30
15.543405	7.3587537	HGDP01397	30
14.756639	7.069283	HGDP00525	30
15.985818	7.9098563	HGDP00897	30
15.857188	7.589008	HGDP00885	30
15.96412	7.613794	HGDP00888	30
14.613801	7.0184093	HGDP00671	30
14.841987	6.9079022	HGDP01157	30
14.350883	8.186259	HGDP00561	30
14.971314	8.057463	HGDP01375	30
15.196118	7.6395574	HGDP00807	30
14.772395	5.971911	HGDP00579	30
14.537808	8.395775	HGDP00590	30
15.303618	6.842776	HGDP00803	30
16.440605	6.289047	HGDP00129	30
15.198863	5.65231	HGDP00684	30
14.826922	5.4518895	HGDP00620	30
15.203557	7.1278796	HGDP01169	30
18.637833	5.2766385	HGDP00120	30
22.910225	5.4270024	HGDP01001	30
14.111325	4.2868915	HGDP00623	30
14.512359	4.3654046	HGDP00685	30
14.945617	7.8672576	HGDP01069	30
19.790045	5.276686	HGDP00121	30
20.407654	2.599682	HGDP00663	30
23.342846	4.9174924	HGDP00999	30
13.990005	4.785251	HGDP00643	30
14.744979	4.766771	HGDP00640	30
22.37073	5.0534596	HGDP01058	30
14.159661	4.6801953	HGDP00679	30
14.687335	4.0250325	HGDP00688	30
14.916757	4.936914	HGDP00635	30
14.692431	7.858497	HGDP00672	30
14.141345	6.2000365	HGDP00678	30
14.690248	6.424764	HGDP00615	30
21.912237	4.825482	HGDP00859	30
13.691817	4.676455	HGDP00624	30
14.464057	5.839541	HGDP00648	30
13.82414	-2.455486	HGDP01270	30
22.895243	4.742146	HGDP01059	30
13.712548	3.0326102	HGDP01276	30
13.968669	5.2775807	HGDP00625	30
15.156629	7.8610444	HGDP01373	30
15.044772	4.9735484	HGDP00683	30
14.312442	4.920446	HGDP00636	30
15.005296	7.7023892	HGDP01370	30
15.172166	6.059075	HGDP00599	30
15.7041235	6.2165055	HGDP00041	30
15.194091	7.28303	HGDP01372	30
14.458247	7.7013764	HGDP00558	30
9.570377	-7.582971	HGDP00455	30
14.259858	5.513637	HGDP00611	30
14.955716	5.803847	HGDP00730	30
14.501388	5.5648274	HGDP00729	30
22.346056	4.6662507	HGDP01014	30
22.572594	4.6774144	HGDP00862	30
14.866099	5.5698094	HGDP00634	30
14.179715	5.854565	HGDP00734	30
14.403356	6.1209884	HGDP00733	30
14.742757	7.4749036	HGDP01380	30
14.462512	5.428496	HGDP00622	30
13.385472	2.842395	HGDP01264	30
14.732419	5.8017955	HGDP00692	30
14.299905	3.9606545	HGDP00627	30
16.595379	6.820761	HGDP00281	30
14.863442	5.5149255	HGDP00606	30
15.021171	6.169003	HGDP00689	30
14.903886	6.896671	HGDP00567	30
22.681028	5.097523	HGDP00865	30
13.783557	4.589001	HGDP00630	30
13.823829	2.5881016	HGDP01279	30
23.037886	4.1984715	HGDP00998	30
14.874427	4.963412	HGDP00725	30
23.167475	4.0287137	HGDP01338	30
8.177192	-12.459979	HGDP00449	30
8.341388	-12.467927	HGDP00476	30
20.030651	2.7914326	HGDP00548	30
23.023859	3.916486	HGDP01198	30
23.457024	3.7126105	HGDP00785	30
15.9956045	7.548637	HGDP00903	30
23.198023	4.017797	HGDP01098	30
22.884663	3.9050486	HGDP01315	30
15.1479845	7.3733582	HGDP01364	30
15.399959	6.922197	HGDP01153	30
22.642624	4.343304	HGDP01242	30
12.311596	-5.327289	HGDP01417	30
22.784271	4.181992	HGDP01308	30
23.485731	4.9164815	HGDP01018	30
15.175529	7.7629933	HGDP00526	30
22.271568	4.2580533	HGDP00717	30
15.088195	7.0799756	HGDP01172	30
23.13123	3.7863533	HGDP01095	30
23.256956	4.874539	HGDP01012	30
15.478517	7.077559	HGDP01168	30
20.389648	5.1156316	HGDP00125	30
11.342612	-5.613503	HGDP01028	30
22.9408	4.221229	HGDP01191	30
10.283721	-7.7300086	HGDP00461	30
23.307709	3.616934	HGDP01312	30
11.574232	-6.140222	HGDP00928	30
23.083666	4.184406	HGDP01211	30
5.357202	-8.458876	HGDP00459	40
7.2400126	-7.842556	HGDP01031	40
7.8578877	-7.349143	HGDP00944	40
17.92768	3.6728408	HGDP01216	40
8.022223	-7.003069	HGDP00911	40
17.212597	4.0406513	HGDP01244	40
6.157025	-13.429137	HGDP00462	40
7.9027705	-7.6026907	HGDP01412	40
8.0250225	-7.065811	HGDP01283	40
6.9395156	-7.716111	HGDP00993	40
12.9188175	5.7244635	HGDP01298	40
15.401512	0.55005914	HGDP00541	40
7.990827	-6.8166475	HGDP01285	40
14.973984	1.0576208	HGDP00547	40
11.013468	6.487953	HGDP00005	40
8.346548	2.819555	HGDP01257	40
15.187317	1.6187437	HGDP00544	40
15.06992	0.5394953	HGDP00543	40
8.005899	-6.7154207	HGDP00933	40
7.5504775	-7.175913	HGDP00920	40
8.2695	-6.3232107	HGDP00938	40
9.480717	5.2635355	HGDP00724	40
18.63567	2.6169555	HGDP01190	40
8.757655	-5.1775045	HGDP01415	40
18.178888	3.1742647	HGDP00781	40
16.737381	3.6995914	HGDP01214	40
6.3853555	-13.386603	HGDP00984	40
18.09538	3.2167852	HGDP00812	40
8.175675	-6.6895	HGDP00917	40
18.160284	3.3496835	HGDP00818	40
17.990705	3.2236373	HGDP00784	40
18.63948	2.881172	HGDP01196	40
18.436125	2.574146	HGDP01321	40
17.727592	3.4033525	HGDP00817	40
18.180986	3.44651	HGDP01195	40
18.247253	3.3368528	HGDP01193	40
18.027864	2.959995	HGDP01197	40
17.682226	3.4624689	HGDP01295	40
18.1806	3.634813	HGDP01288	40
18.04142	3.1789148	HGDP00762	40
18.293104	3.320542	HGDP01331	40
17.893173	3.681732	HGDP01233	40
18.591618	3.2584732	HGDP01207	40
18.106457	3.2150419	HGDP00819	40
16.516134	4.6570206	HGDP00966	40
17.532234	3.3128965	HGDP00716	40
17.45099	4.30766	HGDP01230	40
11.794004	6.5500965	HGDP00376	40
11.644386	6.8287086	HGDP00364	40
18.19098	3.4260547	HGDP00750	40
17.855064	3.4634674	HGDP01237	40
18.088455	3.5185182	HGDP00756	40
17.207592	4.057165	HGDP00963	40
16.304722	4.9549417	HGDP00950	40
11.88817	6.2567215	HGDP00104	40
17.907812	3.2502897	HGDP00761	40
17.534204	3.4956844	HGDP01241	40
17.679274	3.6269825	HGDP01231	40
16.35686	4.232258	HGDP00969	40
10.988424	6.2244368	HGDP00035	40
11.248516	7.046794	HGDP00262	40
10.653034	6.391672	HGDP00043	40
10.569735	5.8640423	HGDP00074	40
10.761326	6.4475574	HGDP00072	40
9.462051	8.883217	HGDP01358	40
11.178017	6.9677734	HGDP00264	40
11.411877	6.8764772	HGDP00330	40
11.637533	6.863449	HGDP00417	40
12.022942	6.468397	HGDP00402	40
10.866243	6.9372845	HGDP00096	40
10.556864	4.731084	HGDP00141	40
10.798748	6.712595	HGDP00086	40
11.004311	7.212249	HGDP00251	40
10.365574	3.918207	HGDP00150	40
10.461855	5.660014	HGDP00153	40
9.575861	8.919872	HGDP01357	40
9.810331	8.171046	HGDP00527	40
9.851158	7.799279	HGDP00524	40
9.751577	8.13113	HGDP00535	40
9.812012	8.009757	HGDP00523	40
9.756876	7.7476664	HGDP00528	40
10.654741	5.5946436	HGDP00151	40
9.713736	7.633334	HGDP00516	40
10.62195	5.1469555	HGDP00140	40
10.62307	5.8553953	HGDP00144	40
10.419785	8.25734	HGDP00889	40
10.179274	7.8920107	HGDP01397	40
9.335821	7.8293133	HGDP00525	40
10.750313	8.493793	HGDP00897	40
10.683836	8.238657	HGDP00885	40
10.636272	8.36551	HGDP00888	40
9.274704	7.749675	HGDP00671	40
9.489817	7.4508905	HGDP01157	40
9.027605	8.754762	HGDP00561	40
9.679998	8.853194	HGDP01375	40
9.845354	8.51627	HGDP00807	40
9.459637	6.6268454	HGDP00579	40
9.117485	9.240382	HGDP00590	40
9.928789	7.496394	HGDP00803	40
11.400948	6.6152887	HGDP00129	40
9.626562	6.1284323	HGDP00684	40
9.465054	5.9896317	HGDP00620	40
9.8398075	7.6859875	HGDP01169	40
13.44706	5.2553253	HGDP00120	40
17.647535	5.0758705	HGDP01001	40
8.693533	4.563737	HGDP00623	40
9.061804	4.8237505	HGDP00685	40
9.3757	8.735651	HGDP01069	40
14.88662	5.0200157	HGDP00121	40
15.539589	1.2739894	HGDP00663	40
18.048248	4.8435555	HGDP00999	40
8.628174	5.466756	HGDP00643	40
9.365887	5.1744165	HGDP00640	40
17.199572	4.638092	HGDP01058	40
8.766094	4.9232836	HGDP00679	40
9.347715	4.419779	HGDP00688	40
9.663839	5.2839622	HGDP00635	40
9.3041115	8.448034	HGDP00672	40
9.026875	6.493559	HGDP00678	40
9.172735	7.0891285	HGDP00615	40
16.767763	4.5578327	HGDP00859	40
8.206226	5.156395	HGDP00624	40
8.910358	6.0880337	HGDP00648	40
9.360568	-1.910887	HGDP01270	40
17.83313	4.2479076	HGDP01059	40
8.301256	3.5938337	HGDP01276	40
8.512697	6.0130424	HGDP00625	40
9.678318	8.7967	HGDP01373	40
9.617104	5.235013	HGDP00683	40
8.9417095	5.079362	HGDP00636	40
9.5082035	8.51351	HGDP01370	40
9.674206	6.6866636	HGDP00599	40
10.503632	6.677229	HGDP00041	40
9.792257	8.141798	HGDP01372	40
9.150759	8.136602	HGDP00558	40
4.9070096	-8.118459	HGDP00455	40
8.771229	6.0451145	HGDP00611	40
9.521276	6.7144175	HGDP00730	40
8.982901	6.508238	HGDP00729	40
17.377584	4.5446796	HGDP01014	40
17.465927	4.311964	HGDP00862	40
9.468498	5.9609766	HGDP00634	40
8.8522625	6.122425	HGDP00734	40
8.855385	6.535619	HGDP00733	40
9.388908	8.158293	HGDP01380	40
9.02973	5.823723	HGDP00622	40
7.841763	2.7090652	HGDP01264	40
9.312292	6.136483	HGDP00692	40
9.147579	3.9384696	HGDP00627	40
11.276651	7.336878	HGDP00281	40
9.374054	5.993684	HGDP00606	40
9.464512	6.635627	HGDP00689	40
9.300507	7.546981	HGDP00567	40
17.639004	4.7197857	HGDP00865	40
8.277575	5.172559	HGDP00630	40
8.586927	3.0352676	HGDP01279	40
17.794954	4.113909	HGDP00998	40
9.356962	5.3843527	HGDP00725	40
18.167807	3.0758474	HGDP01338	40
6.324432	-13.068631	HGDP00449	40
6.1900544	-13.073093	HGDP00476	40
15.29282	1.1231058	HGDP00548	40
18.22024	3.2284772	HGDP01198	40
18.513826	2.8566797	HGDP00785	40
10.67594	8.176986	HGDP00903	40
18.27895	3.134319	HGDP01098	40
18.019793	3.021958	HGDP01315	40
9.746672	8.118592	HGDP01364	40
9.997564	7.523576	HGDP01153	40
17.721653	3.7489135	HGDP01242	40
8.149464	-5.7638855	HGDP01417	40
17.773197	3.2851522	HGDP01308	40
18.123554	4.8751698	HGDP01018	40
9.899588	8.353358	HGDP00526	40
17.29657	3.3889024	HGDP00717	40
9.608843	7.5537205	HGDP01172	40
18.136831	3.0298936	HGDP01095	40
18.232004	4.6980667	HGDP01012	40
10.0615425	7.604267	HGDP01168	40
15.355476	4.790962	HGDP00125	40
7.4158463	-6.5826273	HGDP01028	40
18.048048	3.3306367	HGDP01191	40
5.564532	-8.965435	HGDP00461	40
18.363617	2.6082885	HGDP01312	40
7.800895	-7.148406	HGDP00928	40
18.060505	3.6465824	HGDP01211	40
4.7059054	-8.381032	HGDP00459	50
6.8925567	-7.2753477	HGDP01031	50
7.842468	-6.4873486	HGDP00944	50
17.83939	4.876011	HGDP01216	50
8.096227	-5.9001837	HGDP00911	50
17.077675	5.1952333	HGDP01244	50
7.282189	-15.368208	HGDP00462	50
7.953363	-6.4481735	HGDP01412	50
7.9677215	-6.2241554	HGDP01283	50
6.7617297	-7.237858	HGDP00993	50
12.46732	7.0644827	HGDP01298	50
15.1537485	1.4503309	HGDP00541	50
7.9346776	-5.786105	HGDP01285	50
14.649751	2.317892	HGDP00547	50
10.756526	7.258951	HGDP00005	50
8.056323	3.787549	HGDP01257	50
14.74647	2.856841	HGDP00544	50
14.744412	1.3128921	HGDP00543	50
7.9064727	-6.0477724	HGDP00933	50
7.4424148	-6.5492544	HGDP00920	50
8.225804	-5.6023636	HGDP00938	50
8.77135	6.2749243	HGDP00724	50
18.422665	3.8247414	HGDP01190	50
8.572032	-4.5456696	HGDP01415	50
18.017527	4.4175186	HGDP00781	50
16.667643	4.902073	HGDP01214	50
7.375961	-15.857292	HGDP00984	50
17.971436	4.470128	HGDP00812	50
8.191519	-5.62029	HGDP00917	50
18.016157	4.6227646	HGDP00818	50
17.835428	4.47649	HGDP00784	50
18.500587	4.133813	HGDP01196	50
18.314005	3.7034903	HGDP01321	50
17.613148	4.6568737	HGDP00817	50
18.019194	4.7028046	HGDP01195	50
18.134735	4.55779	HGDP01193	50
17.846016	4.196725	HGDP01197	50
17.634542	4.7501574	HGDP01295	50
17.992928	4.9985523	HGDP01288	50
17.97419	4.410304	HGDP00762	50
18.169186	4.5483656	HGDP01331	50
17.827349	4.9296618	HGDP01233	50
18.45647	4.459528	HGDP01207	50
17.976482	4.396639	HGDP00819	50
16.213089	5.9594975	HGDP00966	50
17.455555	4.509841	HGDP00716	50
17.385883	5.574418	HGDP01230	50
11.577399	7.407797	HGDP00376	50
11.386907	7.725917	HGDP00364	50
18.13104	4.625327	HGDP00750	50
17.766695	4.7834215	HGDP01237	50
18.019869	4.8168135	HGDP00756	50
17.086012	5.4163103	HGDP00963	50
16.113976	6.2221174	HGDP00950	50
11.637202	7.321291	HGDP00104	50
17.875366	4.543747	HGDP00761	50
17.460548	4.759013	HGDP01241	50
17.563606	4.899971	HGDP01231	50
16.131948	5.5411024	HGDP00969	50
10.613418	7.005451	HGDP00035	50
10.982604	7.891735	HGDP00262	50
10.218713	7.2398834	HGDP00043	50
10.132045	6.6664886	HGDP00074	50
10.35156	7.226119	HGDP00072	50
9.027167	9.832632	HGDP01358	50
10.981837	7.7218723	HGDP00264	50
11.156444	7.7555866	HGDP00330	50
11.444392	7.787198	HGDP00417	50
11.818515	7.412261	HGDP00402	50
10.456367	7.8708363	HGDP00096	50
10.007075	5.5792036	HGDP00141	50
10.515552	7.451873	HGDP00086	50
10.717744	7.9845257	HGDP00251	50
9.8217535	4.868438	HGDP00150	50
10.173383	6.3742046	HGDP00153	50
9.088126	9.898251	HGDP01357	50
9.310536	9.153903	HGDP00527	50
9.358993	8.821191	HGDP00524	50
9.346919	9.079719	HGDP00535	50
9.283998	8.948085	HGDP00523	50
9.251811	8.776143	HGDP00528	50
10.393552	6.3090878	HGDP00151	50
9.181611	8.607667	HGDP00516	50
10.165116	6.091748	HGDP00140	50
10.174153	6.7000513	HGDP00144	50
10.034242	9.24433	HGDP00889	50
9.732394	8.843801	HGDP01397	50
8.852786	8.805499	HGDP00525	50
10.390653	9.535129	HGDP00897	50
10.385074	9.183417	HGDP00885	50
10.275418	9.350572	HGDP00888	50
8.709865	8.755039	HGDP00671	50
8.928117	8.4655	HGDP01157	50
8.621388	9.832643	HGDP00561	50
9.342593	9.752438	HGDP01375	50
9.430099	9.530879	HGDP00807	50
8.883784	7.605324	HGDP00579	50
8.742669	10.052262	HGDP00590	50
9.485919	8.457597	HGDP00803	50
11.152757	7.576723	HGDP00129	50
8.993255	7.1423616	HGDP00684	50
8.826636	7.029215	HGDP00620	50
9.426845	8.593428	HGDP01169	50
13.005441	6.6865654	HGDP00120	50
17.628708	6.488634	HGDP01001	50
8.12642	5.6611805	HGDP00623	50
8.406472	5.90563	HGDP00685	50
8.86633	9.74329	HGDP01069	50
14.413934	6.439868	HGDP00121	50
15.272527	2.684163	HGDP00663	50
17.86939	6.4035063	HGDP00999	50
8.020438	6.3903837	HGDP00643	50
8.722262	6.193121	HGDP00640	50
16.929314	5.984928	HGDP01058	50
8.072772	6.0571947	HGDP00679	50
8.680102	5.360588	HGDP00688	50
8.840838	6.2587156	HGDP00635	50
8.723828	9.599857	HGDP00672	50
8.456029	7.3200445	HGDP00678	50
8.4819	8.0764065	HGDP00615	50
16.539291	5.926734	HGDP00859	50
7.838221	6.273184	HGDP00624	50
8.338988	7.1025944	HGDP00648	50
8.968614	-0.86925787	HGDP01270	50
17.583506	5.5286217	HGDP01059	50
7.7771993	4.509447	HGDP01276	50
7.9607186	6.954007	HGDP00625	50
9.193255	9.768449	HGDP01373	50
8.8593	6.179085	HGDP00683	50
8.326436	6.0861998	HGDP00636	50
9.047584	9.499489	HGDP01370	50
9.0656	7.6505756	HGDP00599	50
10.107909	7.442442	HGDP00041	50
9.314437	9.130869	HGDP01372	50
8.810924	8.941428	HGDP00558	50
4.5485797	-8.211753	HGDP00455	50
8.136504	7.0485125	HGDP00611	50
8.915742	7.1500673	HGDP00730	50
8.299504	7.1637783	HGDP00729	50
17.348085	5.911333	HGDP01014	50
17.1955	5.6084843	HGDP00862	50
8.835744	6.9394255	HGDP00634	50
8.182033	7.1206474	HGDP00734	50
8.21362	7.7832594	HGDP00733	50
8.898784	9.123363	HGDP01380	50
8.428842	6.8474846	HGDP00622	50
7.607573	3.6379404	HGDP01264	50
8.664823	7.0518684	HGDP00692	50
8.439805	4.9248476	HGDP00627	50
11.018205	8.046585	HGDP00281	50
8.761123	7.061803	HGDP00606	50
8.89129	7.726859	HGDP00689	50
8.736684	8.414315	HGDP00567	50
17.345394	5.992811	HGDP00865	50
7.8728986	6.34665	HGDP00630	50
8.034127	3.9160786	HGDP01279	50
17.607807	5.6503572	HGDP00998	50
8.648257	6.551033	HGDP00725	50
18.082617	4.2985735	HGDP01338	50
7.244498	-15.700081	HGDP00449	50
7.2218537	-15.41275	HGDP00476	50
14.939441	2.0456314	HGDP00548	50
18.06232	4.4715443	HGDP01198	50
18.365595	4.1081676	HGDP00785	50
10.356242	9.198709	HGDP00903	50
18.12622	4.349119	HGDP01098	50
17.864367	4.1721497	HGDP01315	50
9.332896	9.058375	HGDP01364	50
9.506198	8.535132	HGDP01153	50
17.59531	4.9713583	HGDP01242	50
7.9466166	-5.4249363	HGDP01417	50
17.601526	4.5025053	HGDP01308	50
17.98761	6.5168715	HGDP01018	50
9.43403	9.355742	HGDP00526	50
17.093065	4.5969467	HGDP00717	50
9.092992	8.554493	HGDP01172	50
17.99891	4.3168955	HGDP01095	50
18.077066	6.163001	HGDP01012	50
9.584048	8.57101	HGDP01168	50
14.844914	6.1338663	HGDP00125	50
7.2837396	-6.1908884	HGDP01028	50
17.851294	4.574074	HGDP01191	50
5.0041947	-9.207561	HGDP00461	50
18.103428	3.7440233	HGDP01312	50
7.877914	-6.12261	HGDP00928	50
17.889671	4.965968	HGDP01211	50
3.9274652	-9.473103	HGDP00459	60
5.9135222	-8.838944	HGDP01031	60
6.802256	-8.134335	HGDP00944	60
17.288998	3.448869	HGDP01216	60
6.9727407	-7.8033953	HGDP00911	60
16.557384	3.6418622	HGDP01244	60
6.191296	-16.04808	HGDP00462	60
6.6479726	-8.464617	HGDP01412	60
6.9007096	-8.127758	HGDP01283	60
5.6967483	-8.816875	HGDP00993	60
12.037672	5.2875576	HGDP01298	60
14.991169	-0.7054355	HGDP00541	60
6.896274	-7.833125	HGDP01285	60
14.377781	0.51253533	HGDP00547	60
9.893377	5.6295624	HGDP00005	60
6.768556	1.9356968	HGDP01257	60
14.489922	1.0054114	HGDP00544	60
14.526266	-0.58540034	HGDP00543	60
7.0202384	-7.6676493	HGDP00933	60
6.465511	-8.130034	HGDP00920	60
7.103372	-7.54463	HGDP00938	60
7.863601	4.586424	HGDP00724	60
17.895565	2.446233	HGDP01190	60
7.5305953	-6.150874	HGDP01415	60
17.450264	3.0005925	HGDP00781	60
16.219833	3.440817	HGDP01214	60
6.086428	-16.410702	HGDP00984	60
17.426714	3.013818	HGDP00812	60
7.14175	-7.605776	HGDP00917	60
17.458792	3.1497185	HGDP00818	60
17.289328	3.0207655	HGDP00784	60
17.872793	2.6491768	HGDP01196	60
17.736717	2.296632	HGDP01321	60
17.060204	3.146951	HGDP00817	60
17.428825	3.211469	HGDP01195	60
17.58635	3.043319	HGDP01193	60
17.237677	2.7032177	HGDP01197	60
17.07229	3.2470315	HGDP01295	60
17.417095	3.428796	HGDP01288	60
17.38865	2.8975842	HGDP00762	60
17.586008	3.108987	HGDP01331	60
17.292603	3.4547265	HGDP01233	60
17.912107	3.1006634	HGDP01207	60
17.430828	2.8809083	HGDP00819	60
15.841202	4.49722	HGDP00966	60
16.894835	3.0818398	HGDP00716	60
16.844673	4.1282263	HGDP01230	60
10.784744	5.7458935	HGDP00376	60
10.564121	6.089427	HGDP00364	60
17.507494	3.1230252	HGDP00750	60
17.201015	3.3988469	HGDP01237	60
17.441526	3.2917855	HGDP00756	60
16.595621	3.945987	HGDP00963	60
15.737055	4.784609	HGDP00950	60
10.8684635	5.616168	HGDP00104	60
17.324467	2.9825985	HGDP00761	60
16.934614	3.245762	HGDP01241	60
16.979744	3.4200547	HGDP01231	60
15.691578	4.073223	HGDP00969	60
9.771994	5.409398	HGDP00035	60
10.145027	6.265929	HGDP00262	60
9.384808	5.65292	HGDP00043	60
9.4075775	5.003766	HGDP00074	60
9.539642	5.5168276	HGDP00072	60
8.103786	8.260421	HGDP01358	60
10.112062	6.1282063	HGDP00264	60
10.311888	6.151519	HGDP00330	60
10.627274	6.1267614	HGDP00417	60
11.065235	5.7218304	HGDP00402	60
9.6098995	6.222886	HGDP00096	60
9.24773	3.893223	HGDP00141	60
9.673925	5.866603	HGDP00086	60
9.829775	6.391573	HGDP00251	60
9.046518	3.138573	HGDP00150	60
9.31391	4.759243	HGDP00153	60
8.227985	8.3555	HGDP01357	60
8.368574	7.5163174	HGDP00527	60
8.495897	7.213132	HGDP00524	60
8.529219	7.483144	HGDP00535	60
8.479628	7.28026	HGDP00523	60
8.40827	7.1388807	HGDP00528	60
9.523422	4.5809126	HGDP00151	60
8.360212	6.9568844	HGDP00516	60
9.362665	4.4325657	HGDP00140	60
9.352234	5.0159464	HGDP00144	60
9.178146	7.657588	HGDP00889	60
8.867968	7.235837	HGDP01397	60
7.97368	7.189374	HGDP00525	60
9.433315	8.065857	HGDP00897	60
9.527767	7.604001	HGDP00885	60
9.387604	7.7888985	HGDP00888	60
7.865236	7.221874	HGDP00671	60
8.113771	6.820505	HGDP01157	60
7.5649047	8.019494	HGDP00561	60
8.523411	8.202705	HGDP01375	60
8.526251	7.9400797	HGDP00807	60
8.016243	5.932355	HGDP00579	60
7.8333583	8.356025	HGDP00590	60
8.685995	6.873744	HGDP00803	60
10.264994	5.99109	HGDP00129	60
8.134144	5.434414	HGDP00684	60
7.98467	5.236165	HGDP00620	60
8.553219	7.0104313	HGDP01169	60
12.560856	4.865102	HGDP00120	60
17.107021	5.553693	HGDP01001	60
7.1238017	3.7698338	HGDP00623	60
7.5381656	4.1423006	HGDP00685	60
7.9518237	8.146727	HGDP01069	60
14.20883	4.7492533	HGDP00121	60
15.069586	0.57852674	HGDP00663	60
17.386381	5.380128	HGDP00999	60
6.9615493	4.528576	HGDP00643	60
7.8110576	4.406026	HGDP00640	60
16.130072	4.835349	HGDP01058	60
7.1137614	4.185729	HGDP00679	60
7.861036	3.4852746	HGDP00688	60
8.043591	4.209387	HGDP00635	60
7.8487372	8.044499	HGDP00672	60
7.620994	4.8964033	HGDP00678	60
7.5679984	6.3335953	HGDP00615	60
15.922003	4.7507467	HGDP00859	60
6.743377	4.232869	HGDP00624	60
7.3123813	5.2554483	HGDP00648	60
7.898339	-2.8510787	HGDP01270	60
16.797585	4.3440714	HGDP01059	60
6.6799674	2.615907	HGDP01276	60
6.9393	5.1780014	HGDP00625	60
8.311193	8.212082	HGDP01373	60
8.021414	4.469146	HGDP00683	60
7.4554286	4.2128077	HGDP00636	60
8.141277	7.91327	HGDP01370	60
8.257164	5.881913	HGDP00599	60
9.276024	5.7966757	HGDP00041	60
8.475859	7.5424623	HGDP01372	60
7.943809	6.9001513	HGDP00558	60
3.572316	-9.085	HGDP00455	60
7.1757083	5.1871357	HGDP00611	60
8.063932	5.4766283	HGDP00730	60
7.3737464	5.364053	HGDP00729	60
16.864048	4.9214334	HGDP01014	60
16.499672	4.410228	HGDP00862	60
8.017481	5.196126	HGDP00634	60
7.346742	4.960971	HGDP00734	60
7.270265	5.87842	HGDP00733	60
8.0264	7.548114	HGDP01380	60
7.528978	5.1435184	HGDP00622	60
6.3602233	1.8751423	HGDP01264	60
7.827251	5.2191067	HGDP00692	60
7.567083	3.023288	HGDP00627	60
10.163597	6.534853	HGDP00281	60
7.8294654	5.3327894	HGDP00606	60
8.095173	5.905161	HGDP00689	60
7.904798	6.8235264	HGDP00567	60
16.678177	4.772229	HGDP00865	60
6.8073325	4.3425407	HGDP00630	60
6.9480224	2.037123	HGDP01279	60
17.20582	4.735713	HGDP00998	60
7.7684703	4.7992964	HGDP00725	60
17.496536	2.8804886	HGDP01338	60
6.3398128	-16.098501	HGDP00449	60
6.2266154	-15.994096	HGDP00476	60
14.728834	0.12489149	HGDP00548	60
17.421427	3.0312855	HGDP01198	60
17.764952	2.6769173	HGDP00785	60
9.498985	7.6790504	HGDP00903	60
17.486595	2.937896	HGDP01098	60
17.310837	2.7200654	HGDP01315	60
8.45504	7.460534	HGDP01364	60
8.665287	6.900053	HGDP01153	60
17.092585	3.5296357	HGDP01242	60
7.006372	-7.0670633	HGDP01417	60
17.08075	3.0041459	HGDP01308	60
17.529123	5.618222	HGDP01018	60
8.620548	7.7881336	HGDP00526	60
16.543447	3.2428353	HGDP00717	60
8.270462	6.923296	HGDP01172	60
17.442167	2.8197215	HGDP01095	60
17.630617	5.2688055	HGDP01012	60
8.710197	6.9740515	HGDP01168	60
14.579933	4.501549	HGDP00125	60
6.3435473	-7.7206516	HGDP01028	60
17.261784	3.1107419	HGDP01191	60
4.1581826	-9.987036	HGDP00461	60
17.532919	2.4451478	HGDP01312	60
6.8654685	-8.07428	HGDP00928	60
17.303345	3.630586	HGDP01211	60
3.612195	-9.447777	HGDP00459	70
5.6447983	-8.823824	HGDP01031	70
6.5721893	-8.103249	HGDP00944	70
16.63817	3.3367362	HGDP01216	70
6.7986937	-7.7287364	HGDP00911	70
15.859472	3.5867925	HGDP01244	70
6.3314905	-16.44997	HGDP00462	70
6.5694246	-8.228423	HGDP01412	70
6.7108927	-8.057118	HGDP01283	70
5.366412	-8.865111	HGDP00993	70
11.286346	5.453508	HGDP01298	70
14.154049	-1.1015029	HGDP00541	70
6.684578	-7.801251	HGDP01285	70
13.595772	0.23557332	HGDP00547	70
9.337093	5.820351	HGDP00005	70
6.574188	2.405027	HGDP01257	70
13.75008	0.74023676	HGDP00544	70
13.743038	-0.9294448	HGDP00543	70
6.7909718	-7.6032834	HGDP00933	70
6.2947874	-8.133938	HGDP00920	70
6.8715353	-7.639233	HGDP00938	70
7.3987293	4.975611	HGDP00724	70
17.222542	2.357986	HGDP01190	70
7.26433	-6.039643	HGDP01415	70
16.803709	2.899054	HGDP00781	70
15.551262	3.4262757	HGDP01214	70
6.2415113	-16.713217	HGDP00984	70
16.776901	2.9186416	HGDP00812	70
6.919956	-7.4962745	HGDP00917	70
16.794455	3.0295157	HGDP00818	70
16.653467	2.9197145	HGDP00784	70
17.18453	2.527761	HGDP01196	70
17.096642	2.1775622	HGDP01321	70
16.399467	3.0879874	HGDP00817	70
16.771515	3.1157107	HGDP01195	70
16.939018	2.965629	HGDP01193	70
16.600525	2.586965	HGDP01197	70
16.397552	3.1797233	HGDP01295	70
16.742823	3.3371444	HGDP01288	70
16.7417	2.8220782	HGDP00762	70
16.945068	2.9716735	HGDP01331	70
16.594517	3.3739638	HGDP01233	70
17.215961	2.968101	HGDP01207	70
16.788757	2.757423	HGDP00819	70
15.159616	4.4592767	HGDP00966	70
16.214859	3.0108685	HGDP00716	70
16.168707	4.047174	HGDP01230	70
10.175642	5.8683686	HGDP00376	70
9.987761	6.265941	HGDP00364	70
16.853218	3.0270724	HGDP00750	70
16.56211	3.3248553	HGDP01237	70
16.793247	3.2508388	HGDP00756	70
15.930082	3.9348807	HGDP00963	70
15.068089	4.747626	HGDP00950	70
10.226219	5.886006	HGDP00104	70
16.66504	2.927837	HGDP00761	70
16.24447	3.1834874	HGDP01241	70
16.32099	3.3417983	HGDP01231	70
15.032072	4.061872	HGDP00969	70
9.202261	5.616483	HGDP00035	70
9.58161	6.4811025	HGDP00262	70
8.787144	5.8818593	HGDP00043	70
8.82748	5.2465644	HGDP00074	70
8.922867	5.763717	HGDP00072	70
7.5285645	8.665288	HGDP01358	70
9.570494	6.2955556	HGDP00264	70
9.715977	6.3655744	HGDP00330	70
10.048737	6.2795806	HGDP00417	70
10.4040165	5.9037747	HGDP00402	70
9.017538	6.4766173	HGDP00096	70
8.688223	4.096747	HGDP00141	70
9.1143265	6.0561166	HGDP00086	70
9.290243	6.592997	HGDP00251	70
8.506868	3.4344993	HGDP00150	70
8.751421	4.975924	HGDP00153	70
7.6382446	8.753299	HGDP01357	70
7.822117	7.8690124	HGDP00527	70
7.9223175	7.5548863	HGDP00524	70
7.9604053	7.832721	HGDP00535	70
7.8921604	7.6439548	HGDP00523	70
7.84107	7.514341	HGDP00528	70
8.969889	4.767531	HGDP00151	70
7.79714	7.3329787	HGDP00516	70
8.819483	4.6592994	HGDP00140	70
8.759541	5.2446904	HGDP00144	70
8.606838	7.975431	HGDP00889	70
8.286066	7.5597463	HGDP01397	70
7.383003	7.590491	HGDP00525	70
8.88699	8.382076	HGDP00897	70
8.968666	7.9043107	HGDP00885	70
8.826557	8.11419	HGDP00888	70
7.278223	7.6400046	HGDP00671	70
7.528673	7.1802173	HGDP01157	70
7.0193443	8.298859	HGDP00561	70
7.934204	8.619594	HGDP01375	70
7.947481	8.33614	HGDP00807	70
7.4855404	6.2897687	HGDP00579	70
7.1869984	8.625859	HGDP00590	70
8.10976	7.2536006	HGDP00803	70
9.711216	6.2102666	HGDP00129	70
7.585596	5.803394	HGDP00684	70
7.471878	5.5520873	HGDP00620	70
7.995083	7.365026	HGDP01169	70
11.813408	4.9966626	HGDP00120	70
16.486454	5.842918	HGDP01001	70
6.8098545	4.1614184	HGDP00623	70
7.1017075	4.5361447	HGDP00685	70
7.375551	8.591115	HGDP01069	70
13.501541	4.7751584	HGDP00121	70
14.357937	0.45909742	HGDP00663	70
16.693077	5.6082606	HGDP00999	70
6.6965656	4.8357186	HGDP00643	70
7.3456078	4.765734	HGDP00640	70
15.455454	4.944404	HGDP01058	70
6.766958	4.682942	HGDP00679	70
7.432064	3.9066997	HGDP00688	70
7.508318	4.563538	HGDP00635	70
7.2596817	8.509103	HGDP00672	70
7.138487	5.4980283	HGDP00678	70
7.07996	6.6894717	HGDP00615	70
15.223061	4.8828883	HGDP00859	70
6.5271854	4.6731944	HGDP00624	70
6.9433193	5.612993	HGDP00648	70
7.5554104	-2.677322	HGDP01270	70
16.113853	4.3893733	HGDP01059	70
6.433466	3.0790763	HGDP01276	70
6.60553	5.549207	HGDP00625	70
7.7155685	8.64793	HGDP01373	70
7.498411	4.8804812	HGDP00683	70
6.9972706	4.5794806	HGDP00636	70
7.5732765	8.318434	HGDP01370	70
7.691206	6.2576003	HGDP00599	70
8.7165985	6.071852	HGDP00041	70
7.883934	7.960015	HGDP01372	70
7.285433	7.290688	HGDP00558	70
3.2319498	-9.02387	HGDP00455	70
6.749935	5.5883393	HGDP00611	70
7.5105476	5.8057504	HGDP00730	70
6.9021873	5.7392592	HGDP00729	70
16.22479	5.1739936	HGDP01014	70
15.81209	4.466724	HGDP00862	70
7.487051	5.51879	HGDP00634	70
6.8763256	5.4567733	HGDP00734	70
6.8824177	6.322641	HGDP00733	70
7.4510555	7.9405923	HGDP01380	70
7.0386524	5.432692	HGDP00622	70
6.1458282	2.3990664	HGDP01264	70
7.3324223	5.5459304	HGDP00692	70
7.1551914	3.288221	HGDP00627	70
9.566805	6.643328	HGDP00281	70
7.3420353	5.665257	HGDP00606	70
7.592209	6.241204	HGDP00689	70
7.2852516	7.063109	HGDP00567	70
15.972073	4.822923	HGDP00865	70
6.6347694	4.7646613	HGDP00630	70
6.689373	2.4655595	HGDP01279	70
16.514147	4.984431	HGDP00998	70
7.299719	5.2213206	HGDP00725	70
16.851019	2.7367034	HGDP01338	70
6.449605	-16.475174	HGDP00449	70
6.413122	-16.426235	HGDP00476	70
13.997705	-0.33494422	HGDP00548	70
16.750345	2.9219842	HGDP01198	70
17.130789	2.5649314	HGDP00785	70
8.956507	7.9821944	HGDP00903	70
16.833094	2.8068347	HGDP01098	70
16.658518	2.6196895	HGDP01315	70
7.8554726	7.856932	HGDP01364	70
8.08227	7.280685	HGDP01153	70
16.448702	3.4203343	HGDP01242	70
6.6927757	-7.098539	HGDP01417	70
16.424406	2.8960738	HGDP01308	70
16.842913	5.860226	HGDP01018	70
8.043463	8.143435	HGDP00526	70
15.86488	3.1587214	HGDP00717	70
7.6991997	7.288861	HGDP01172	70
16.781988	2.7034354	HGDP01095	70
16.960695	5.5203357	HGDP01012	70
8.136454	7.331743	HGDP01168	70
13.846788	4.5030713	HGDP00125	70
6.094017	-7.750892	HGDP01028	70
16.611238	3.0062976	HGDP01191	70
3.7275171	-9.914568	HGDP00461	70
16.862139	2.3171468	HGDP01312	70
6.601203	-8.042936	HGDP00928	70
16.61753	3.5042262	HGDP01211	70
3.4113967	-10.032454	HGDP00459	80
5.2440805	-9.624264	HGDP01031	80
6.125184	-8.793506	HGDP00944	80
16.07927	2.4974463	HGDP01216	80
6.311307	-8.465691	HGDP00911	80
15.273008	2.752743	HGDP01244	80
5.7184544	-17.155394	HGDP00462	80
5.948243	-9.057814	HGDP01412	80
6.2364883	-8.769536	HGDP01283	80
4.895446	-9.806496	HGDP00993	80
10.514933	4.7577434	HGDP01298	80
14.0266075	-1.794809	HGDP00541	80
6.190735	-8.566947	HGDP01285	80
13.351456	-0.5984379	HGDP00547	80
8.598207	4.9584794	HGDP00005	80
5.7610817	1.7845358	HGDP01257	80
13.445251	-0.18947662	HGDP00544	80
13.556814	-1.7241579	HGDP00543	80
6.3843184	-8.326347	HGDP00933	80
5.9034843	-8.758366	HGDP00920	80
6.4363213	-8.346335	HGDP00938	80
6.49333	4.318834	HGDP00724	80
16.664324	1.5626758	HGDP01190	80
6.748502	-6.7522397	HGDP01415	80
16.209728	2.0432932	HGDP00781	80
14.96633	2.5803416	HGDP01214	80
5.595378	-17.339127	HGDP00984	80
16.18659	2.0124362	HGDP00812	80
6.4561768	-8.168861	HGDP00917	80
16.197382	2.137377	HGDP00818	80
16.06671	2.0778964	HGDP00784	80
16.509216	1.6239837	HGDP01196	80
16.494242	1.3074268	HGDP01321	80
15.781567	2.2211459	HGDP00817	80
16.17478	2.223469	HGDP01195	80
16.324486	2.0604937	HGDP01193	80
15.993208	1.6774544	HGDP01197	80
15.799234	2.3085234	HGDP01295	80
16.120768	2.4507964	HGDP01288	80
16.192554	1.9230026	HGDP00762	80
16.301811	2.1209567	HGDP01331	80
16.009089	2.5570185	HGDP01233	80
16.65806	2.227196	HGDP01207	80
16.2223	1.8546623	HGDP00819	80
14.519915	3.676243	HGDP00966	80
15.589844	2.1327193	HGDP00716	80
15.5714	3.2254984	HGDP01230	80
9.472061	5.070172	HGDP00376	80
9.274338	5.4842906	HGDP00364	80
16.321598	2.1618674	HGDP00750	80
16.02317	2.472708	HGDP01237	80
16.205967	2.4083407	HGDP00756	80
15.365665	3.1596148	HGDP00963	80
14.496571	4.019036	HGDP00950	80
9.484478	5.1383166	HGDP00104	80
16.069542	2.0400088	HGDP00761	80
15.656153	2.3757765	HGDP01241	80
15.768721	2.4708006	HGDP01231	80
14.4347515	3.290249	HGDP00969	80
8.4436035	4.827863	HGDP00035	80
8.828621	5.7194085	HGDP00262	80
7.9508533	5.1356835	HGDP00043	80
8.083742	4.501859	HGDP00074	80
8.049747	4.9529185	HGDP00072	80
6.6758537	8.098273	HGDP01358	80
8.843733	5.5220885	HGDP00264	80
8.923214	5.6469607	HGDP00330	80
9.353508	5.509316	HGDP00417	80
9.656771	5.1618924	HGDP00402	80
8.206202	5.7521443	HGDP00096	80
7.8561993	3.352361	HGDP00141	80
8.329422	5.2938085	HGDP00086	80
8.534355	5.8466754	HGDP00251	80
7.733097	2.7303116	HGDP00150	80
7.9555206	4.266895	HGDP00153	80
6.7699585	8.194435	HGDP01357	80
6.9038105	7.183268	HGDP00527	80
7.046768	6.9485297	HGDP00524	80
7.0970116	7.1968875	HGDP00535	80
6.9557686	7.02622	HGDP00523	80
6.9855785	6.876104	HGDP00528	80
8.167412	3.9941056	HGDP00151	80
6.914089	6.7419267	HGDP00516	80
8.049562	3.9436047	HGDP00140	80
7.93898	4.527041	HGDP00144	80
7.786688	7.296039	HGDP00889	80
7.40263	6.884052	HGDP01397	80
6.49959	7.0316033	HGDP00525	80
8.09008	7.786777	HGDP00897	80
8.139103	7.27259	HGDP00885	80
7.994507	7.5022397	HGDP00888	80
6.3803387	7.082292	HGDP00671	80
6.643114	6.6014514	HGDP01157	80
5.9960384	7.4310775	HGDP00561	80
7.089939	8.070182	HGDP01375	80
7.0897255	7.759956	HGDP00807	80
6.6673164	5.6053796	HGDP00579	80
6.23542	7.995877	HGDP00590	80
7.252039	6.617479	HGDP00803	80
8.966301	5.488642	HGDP00129	80
6.7059155	5.186582	HGDP00684	80
6.5498447	4.9400067	HGDP00620	80
7.142086	6.7215695	HGDP01169	80
11.087534	4.241797	HGDP00120	80
15.889742	5.77336	HGDP01001	80
5.866785	3.5133936	HGDP00623	80
6.238888	3.873072	HGDP00685	80
6.389658	8.056023	HGDP01069	80
12.802374	3.970607	HGDP00121	80
13.912979	-0.5418402	HGDP00663	80
16.038837	5.320826	HGDP00999	80
5.710472	4.185617	HGDP00643	80
6.392008	4.119739	HGDP00640	80
14.720968	4.2518544	HGDP01058	80
5.8786297	4.0657897	HGDP00679	80
6.494377	3.3089535	HGDP00688	80
6.6742573	4.048695	HGDP00635	80
6.3372593	7.9905314	HGDP00672	80
6.2524166	4.982268	HGDP00678	80
6.188381	6.0217957	HGDP00615	80
14.474981	4.190907	HGDP00859	80
5.617527	4.0885625	HGDP00624	80
5.996666	4.963345	HGDP00648	80
6.969552	-3.3442466	HGDP01270	80
15.42149	3.606457	HGDP01059	80
5.610033	2.5197995	HGDP01276	80
5.7115974	4.8678174	HGDP00625	80
6.815668	8.084636	HGDP01373	80
6.6620007	4.1881814	HGDP00683	80
6.090349	3.8952487	HGDP00636	80
6.694227	7.752337	HGDP01370	80
6.8216896	5.601647	HGDP00599	80
7.915491	5.3827643	HGDP00041	80
6.9616165	7.419698	HGDP01372	80
6.3304787	6.693271	HGDP00558	80
2.995056	-9.62014	HGDP00455	80
5.8134117	4.948911	HGDP00611	80
6.554943	5.0707774	HGDP00730	80
5.9031925	5.0207953	HGDP00729	80
15.548653	4.836352	HGDP01014	80
15.046915	3.6766646	HGDP00862	80
6.6747704	4.810683	HGDP00634	80
5.9741535	4.8812947	HGDP00734	80
5.9725456	5.7342515	HGDP00733	80
6.5536747	7.371897	HGDP01380	80
6.146467	4.748895	HGDP00622	80
5.3538876	1.9016126	HGDP01264	80
6.4778385	4.914438	HGDP00692	80
6.2841873	2.5917008	HGDP00627	80
8.830832	5.967563	HGDP00281	80
6.362875	5.0068088	HGDP00606	80
6.6997986	5.60288	HGDP00689	80
6.3493214	6.0834165	HGDP00567	80
15.177103	4.011481	HGDP00865	80
5.6449413	4.1816287	HGDP00630	80
5.8571014	1.8330883	HGDP01279	80
15.846161	4.746712	HGDP00998	80
6.411293	4.6387486	HGDP00725	80
16.289125	1.792044	HGDP01338	80
5.9101048	-17.22442	HGDP00449	80
5.8211765	-17.179008	HGDP00476	80
13.729912	-1.4493204	HGDP00548	80
16.136185	2.0264895	HGDP01198	80
16.548689	1.6747822	HGDP00785	80
8.150175	7.3355393	HGDP00903	80
16.250877	1.9258178	HGDP01098	80
16.028646	1.7417911	HGDP01315	80
6.9697666	7.3366733	HGDP01364	80
7.2024345	6.677585	HGDP01153	80
15.900314	2.5777209	HGDP01242	80
6.1708746	-7.897609	HGDP01417	80
15.848751	2.0299685	HGDP01308	80
16.174307	5.6734357	HGDP01018	80
7.1945267	7.5525384	HGDP00526	80
15.2630825	2.2763855	HGDP00717	80
6.8291016	6.6918244	HGDP01172	80
16.180202	1.8380188	HGDP01095	80
16.317057	5.2861886	HGDP01012	80
7.2372	6.7137723	HGDP01168	80
13.130531	3.7522862	HGDP00125	80
5.7161255	-8.453808	HGDP01028	80
15.991606	2.1226637	HGDP01191	80
3.4667156	-10.448461	HGDP00461	80
16.305986	1.5208954	HGDP01312	80
6.2183943	-8.796933	HGDP00928	80
16.04852	2.6766226	HGDP01211	80
3.304539	-10.241836	HGDP00459	90
5.392798	-9.886517	HGDP01031	90
6.3181434	-9.066125	HGDP00944	90
16.254494	2.4299958	HGDP01216	90
6.5113034	-8.747716	HGDP00911	90
15.474817	2.6285203	HGDP01244	90
5.8746247	-17.833849	HGDP00462	90
6.058211	-9.386371	HGDP01412	90
6.410773	-9.054669	HGDP01283	90
5.085503	-10.009019	HGDP00993	90
10.825678	4.547422	HGDP01298	90
13.913187	-2.6196754	HGDP00541	90
6.389425	-8.805506	HGDP01285	90
13.318634	-1.3081576	HGDP00547	90
8.811026	4.809755	HGDP00005	90
6.038922	1.5624689	HGDP01257	90
13.486641	-0.78934735	HGDP00544	90
13.481802	-2.4375484	HGDP00543	90
6.5329404	-8.654658	HGDP00933	90
6.085665	-9.080071	HGDP00920	90
6.5924096	-8.65411	HGDP00938	90
6.785704	4.1429935	HGDP00724	90
16.84392	1.4418653	HGDP01190	90
6.928885	-7.083897	HGDP01415	90
16.405823	1.9430231	HGDP00781	90
15.189138	2.4755547	HGDP01214	90
5.7764087	-18.005524	HGDP00984	90
16.394945	1.8946241	HGDP00812	90
6.6268687	-8.483083	HGDP00917	90
16.394272	2.036342	HGDP00818	90
16.252493	1.980203	HGDP00784	90
16.710539	1.5040716	HGDP01196	90
16.68966	1.2050928	HGDP01321	90
15.994097	2.1080773	HGDP00817	90
16.383703	2.1022007	HGDP01195	90
16.5351	1.9385809	HGDP01193	90
16.19872	1.5634397	HGDP01197	90
16.014568	2.1874688	HGDP01295	90
16.333332	2.3302338	HGDP01288	90
16.396868	1.8177904	HGDP00762	90
16.492723	2.0195363	HGDP01331	90
16.20419	2.445327	HGDP01233	90
16.810629	2.1118634	HGDP01207	90
16.427015	1.7368463	HGDP00819	90
14.763691	3.5734704	HGDP00966	90
15.806025	1.9906114	HGDP00716	90
15.772949	3.126695	HGDP01230	90
9.659214	4.883365	HGDP00376	90
9.445299	5.3003955	HGDP00364	90
16.510126	2.081197	HGDP00750	90
16.211538	2.3908856	HGDP01237	90
16.413254	2.3053448	HGDP00756	90
15.5557	3.042741	HGDP00963	90
14.742992	3.882417	HGDP00950	90
9.705627	4.9489665	HGDP00104	90
16.283941	1.9123377	HGDP00761	90
15.852753	2.2581723	HGDP01241	90
15.974358	2.3548195	HGDP01231	90
14.661915	3.1858628	HGDP00969	90
8.682117	4.6870894	HGDP00035	90
9.049749	5.5899253	HGDP00262	90
8.208113	4.9908385	HGDP00043	90
8.355322	4.3374534	HGDP00074	90
8.311335	4.789863	HGDP00072	90
6.932715	8.01575	HGDP01358	90
9.044825	5.3534675	HGDP00264	90
9.160608	5.52284	HGDP00330	90
9.541317	5.3256984	HGDP00417	90
9.840479	4.9681067	HGDP00402	90
8.447067	5.5927672	HGDP00096	90
8.130655	3.168218	HGDP00141	90
8.567503	5.1390643	HGDP00086	90
8.757706	5.6991096	HGDP00251	90
7.9990983	2.5627244	HGDP00150	90
8.206703	4.0939956	HGDP00153	90
7.04909	8.09201	HGDP01357	90
7.1817155	7.06348	HGDP00527	90
7.322434	6.8254046	HGDP00524	90
7.3496366	7.1098094	HGDP00535	90
7.236712	6.9045997	HGDP00523	90
7.2693048	6.7541537	HGDP00528	90
8.415604	3.8351738	HGDP00151	90
7.1862645	6.6237826	HGDP00516	90
8.306942	3.809108	HGDP00140	90
8.202967	4.363786	HGDP00144	90
8.036139	7.219705	HGDP00889	90
7.66845	6.7625003	HGDP01397	90
6.770642	6.927961	HGDP00525	90
8.30105	7.7371783	HGDP00897	90
8.37925	7.18399	HGDP00885	90
8.245356	7.413753	HGDP00888	90
6.6431623	6.982839	HGDP00671	90
6.9208684	6.4581866	HGDP01157	90
6.3170133	7.2163177	HGDP00561	90
7.327044	8.005097	HGDP01375	90
7.341437	7.680053	HGDP00807	90
6.9633927	5.4672847	HGDP00579	90
6.5477414	7.7481837	HGDP00590	90
7.509642	6.5340896	HGDP00803	90
9.14653	5.325763	HGDP00129	90
6.9906487	5.0272727	HGDP00684	90
6.8446355	4.745952	HGDP00620	90
7.4100175	6.6108317	HGDP01169	90
11.44232	4.0088267	HGDP00120	90
16.23858	6.060556	HGDP01001	90
6.1875024	3.3225777	HGDP00623	90
6.550263	3.6797993	HGDP00685	90
6.65622	7.9360347	HGDP01069	90
13.175228	3.8233864	HGDP00121	90
13.935684	-1.1527373	HGDP00663	90
16.379253	5.5216975	HGDP00999	90
6.0500073	3.9638665	HGDP00643	90
6.711865	3.944564	HGDP00640	90
15.077175	4.3039317	HGDP01058	90
6.224505	3.8894875	HGDP00679	90
6.8428464	3.120641	HGDP00688	90
6.974749	3.8816845	HGDP00635	90
6.610495	7.897178	HGDP00672	90
6.5959764	4.7796607	HGDP00678	90
6.493073	5.8173823	HGDP00615	90
14.809263	4.237798	HGDP00859	90
5.9160905	3.8534558	HGDP00624	90
6.327658	4.770759	HGDP00648	90
7.1600604	-3.660712	HGDP01270	90
15.776323	3.6215527	HGDP01059	90
5.925715	2.310529	HGDP01276	90
6.0256505	4.6695495	HGDP00625	90
7.0909543	7.9851565	HGDP01373	90
6.9618993	4.024589	HGDP00683	90
6.4341855	3.67859	HGDP00636	90
6.9679418	7.644933	HGDP01370	90
7.117701	5.4468055	HGDP00599	90
8.17457	5.225387	HGDP00041	90
7.237633	7.318914	HGDP01372	90
6.631348	6.504337	HGDP00558	90
2.883546	-9.882182	HGDP00455	90
6.1241117	4.760629	HGDP00611	90
6.851954	4.920604	HGDP00730	90
6.2459188	4.7661185	HGDP00729	90
15.911547	5.0408435	HGDP01014	90
15.385113	3.6840928	HGDP00862	90
6.9689584	4.638149	HGDP00634	90
6.298239	4.6791167	HGDP00734	90
6.31869	5.483373	HGDP00733	90
6.816357	7.2612205	HGDP01380	90
6.4511514	4.564403	HGDP00622	90
5.6288323	1.7037386	HGDP01264	90
6.7872987	4.6978793	HGDP00692	90
6.592072	2.4026558	HGDP00627	90
9.06505	5.805164	HGDP00281	90
6.6719213	4.83448	HGDP00606	90
7.0122533	5.393808	HGDP00689	90
6.659716	5.903316	HGDP00567	90
15.510689	4.0173373	HGDP00865	90
5.99947	3.927335	HGDP00630	90
6.1639123	1.6180071	HGDP01279	90
16.164051	4.967479	HGDP00998	90
6.7123113	4.46919	HGDP00725	90
16.489912	1.6966909	HGDP01338	90
6.1278768	-17.92282	HGDP00449	90
6.0767217	-18.022448	HGDP00476	90
13.721737	-2.0692756	HGDP00548	90
16.322891	1.9171556	HGDP01198	90
16.736843	1.5958418	HGDP00785	90
8.38451	7.255573	HGDP00903	90
16.430666	1.8337988	HGDP01098	90
16.206024	1.6409925	HGDP01315	90
7.2322793	7.2308555	HGDP01364	90
7.467377	6.5740676	HGDP01153	90
16.069311	2.5028832	HGDP01242	90
6.337257	-8.141043	HGDP01417	90
16.040028	1.9164404	HGDP01308	90
16.506262	5.9046206	HGDP01018	90
7.4393277	7.462526	HGDP00526	90
15.488407	2.13808	HGDP00717	90
7.097981	6.5850444	HGDP01172	90
16.367441	1.7314333	HGDP01095	90
16.642906	5.5103335	HGDP01012	90
7.4945226	6.6130137	HGDP01168	90
13.439581	3.6214592	HGDP00125	90
5.8370337	-8.741465	HGDP01028	90
16.178774	2.0189545	HGDP01191	90
3.4000695	-10.654252	HGDP00461	90
16.47615	1.4153665	HGDP01312	90
6.34047	-9.047023	HGDP00928	90
16.212715	2.6044075	HGDP01211	90
2.9895802	-10.209428	HGDP00459	100
5.0871534	-9.912554	HGDP01031	100
6.058941	-9.125142	HGDP00944	100
15.9340105	2.3786402	HGDP01216	100
6.267989	-8.800857	HGDP00911	100
15.114333	2.630292	HGDP01244	100
6.099311	-18.516218	HGDP00462	100
5.8881454	-9.295703	HGDP01412	100
6.1995153	-9.11618	HGDP01283	100
4.7527676	-10.065238	HGDP00993	100
10.377412	4.6763496	HGDP01298	100
13.604453	-2.73804	HGDP00541	100
6.1591425	-8.892848	HGDP01285	100
13.039197	-1.3856441	HGDP00547	100
8.491712	4.876951	HGDP00005	100
5.900115	1.743554	HGDP01257	100
13.164414	-0.79611313	HGDP00544	100
13.196528	-2.5284462	HGDP00543	100
6.29204	-8.665555	HGDP00933	100
5.8349533	-9.152387	HGDP00920	100
6.359558	-8.7075815	HGDP00938	100
6.5017195	4.3027325	HGDP00724	100
16.498444	1.3706197	HGDP01190	100
6.6618137	-7.095848	HGDP01415	100
16.07927	1.8848733	HGDP00781	100
14.837068	2.4872923	HGDP01214	100
5.9455576	-18.659292	HGDP00984	100
16.074316	1.8462323	HGDP00812	100
6.39515	-8.519125	HGDP00917	100
16.079533	1.9870938	HGDP00818	100
15.9293165	1.9327306	HGDP00784	100
16.390167	1.4434689	HGDP01196	100
16.377834	1.1359795	HGDP01321	100
15.667808	2.072133	HGDP00817	100
16.071049	2.0441236	HGDP01195	100
16.221165	1.874503	HGDP01193	100
15.882903	1.5126771	HGDP01197	100
15.697801	2.1624727	HGDP01295	100
16.001366	2.2872267	HGDP01288	100
16.065062	1.7784814	HGDP00762	100
16.175648	1.9447984	HGDP01331	100
15.85465	2.4132376	HGDP01233	100
16.46063	2.0372744	HGDP01207	100
16.115427	1.6847275	HGDP00819	100
14.378991	3.615903	HGDP00966	100
15.467668	1.9516858	HGDP00716	100
15.44624	3.0968523	HGDP01230	100
9.343522	4.959655	HGDP00376	100
9.14623	5.3701324	HGDP00364	100
16.190739	2.024516	HGDP00750	100
15.892184	2.3572435	HGDP01237	100
16.090805	2.268857	HGDP00756	100
15.22116	3.0718927	HGDP00963	100
14.381316	3.8780603	HGDP00950	100
9.360658	5.061426	HGDP00104	100
15.9439745	1.8719872	HGDP00761	100
15.512649	2.2451754	HGDP01241	100
15.648295	2.32767	HGDP01231	100
14.320209	3.2213774	HGDP00969	100
8.3492365	4.767453	HGDP00035	100
8.741479	5.6505823	HGDP00262	100
7.846532	5.093608	HGDP00043	100
7.989417	4.416209	HGDP00074	100
7.944865	4.888427	HGDP00072	100
6.5941343	8.147636	HGDP01358	100
8.7514105	5.415306	HGDP00264	100
8.850175	5.590041	HGDP00330	100
9.239615	5.382573	HGDP00417	100
9.506532	5.036237	HGDP00402	100
8.106954	5.680683	HGDP00096	100
7.780059	3.2434063	HGDP00141	100
8.227885	5.2130423	HGDP00086	100
8.442573	5.762779	HGDP00251	100
7.6577063	2.671359	HGDP00150	100
7.8561354	4.170004	HGDP00153	100
6.69473	8.238643	HGDP01357	100
6.8468714	7.185505	HGDP00527	100
6.956666	6.9725056	HGDP00524	100
7.016492	7.2465935	HGDP00535	100
6.88445	7.035756	HGDP00523	100
6.9259024	6.8795967	HGDP00528	100
8.066108	3.9111662	HGDP00151	100
6.8365393	6.763793	HGDP00516	100
7.9568014	3.9030066	HGDP00140	100
7.848075	4.461054	HGDP00144	100
7.691224	7.3390026	HGDP00889	100
7.3315535	6.8743334	HGDP01397	100
6.4138975	7.088683	HGDP00525	100
7.984521	7.8657703	HGDP00897	100
8.046088	7.3029814	HGDP00885	100
7.925397	7.508356	HGDP00888	100
6.3123064	7.1343718	HGDP00671	100
6.584241	6.6003113	HGDP01157	100
6.008643	7.3146486	HGDP00561	100
6.9763994	8.158937	HGDP01375	100
6.998748	7.814171	HGDP00807	100
6.6323385	5.586447	HGDP00579	100
6.2367277	7.828472	HGDP00590	100
7.1572886	6.65814	HGDP00803	100
8.842742	5.4227514	HGDP00129	100
6.671262	5.1639824	HGDP00684	100
6.568696	4.8635464	HGDP00620	100
7.0693426	6.7134705	HGDP01169	100
11.0112295	4.097931	HGDP00120	100
15.787526	6.1753473	HGDP01001	100
6.015252	3.5059376	HGDP00623	100
6.282317	3.8137627	HGDP00685	100
6.336713	8.09956	HGDP01069	100
12.791795	3.8479242	HGDP00121	100
13.693332	-1.1082984	HGDP00663	100
15.9433565	5.650386	HGDP00999	100
5.875188	4.1469584	HGDP00643	100
6.463254	4.0823174	HGDP00640	100
14.638091	4.408334	HGDP01058	100
5.9925985	4.0360556	HGDP00679	100
6.561494	3.2494335	HGDP00688	100
6.6478987	4.013526	HGDP00635	100
6.259515	8.06681	HGDP00672	100
6.2416525	4.92332	HGDP00678	100
6.2238398	5.97851	HGDP00615	100
14.32754	4.35011	HGDP00859	100
5.778949	4.0606194	HGDP00624	100
6.11423	4.914937	HGDP00648	100
6.881674	-3.5992727	HGDP01270	100
15.33752	3.6719904	HGDP01059	100
5.6990347	2.4812574	HGDP01276	100
5.8405237	4.853651	HGDP00625	100
6.7456656	8.11031	HGDP01373	100
6.631646	4.167453	HGDP00683	100
6.2056627	3.7881775	HGDP00636	100
6.6210966	7.792308	HGDP01370	100
6.782735	5.5741806	HGDP00599	100
7.8330336	5.307786	HGDP00041	100
6.879859	7.454406	HGDP01372	100
6.3285	6.6046696	HGDP00558	100
2.547636	-9.846567	HGDP00455	100
5.903388	4.91339	HGDP00611	100
6.519614	5.0641747	HGDP00730	100
6.00208	4.916109	HGDP00729	100
15.466556	5.181073	HGDP01014	100
14.93312	3.7448874	HGDP00862	100
6.6289625	4.770052	HGDP00634	100
5.9983034	4.821866	HGDP00734	100
6.0504847	5.6314707	HGDP00733	100
6.4717817	7.4110165	HGDP01380	100
6.1936827	4.732723	HGDP00622	100
5.4986715	1.9152955	HGDP01264	100
6.48643	4.8202143	HGDP00692	100
6.327836	2.5306664	HGDP00627	100
8.746013	5.873358	HGDP00281	100
6.414159	4.9758224	HGDP00606	100
6.6979704	5.5446806	HGDP00689	100
6.3427744	6.0158806	HGDP00567	100
15.035113	4.074853	HGDP00865	100
5.8214808	4.147317	HGDP00630	100
5.937072	1.7713498	HGDP01279	100
15.747556	5.1432924	HGDP00998	100
6.4412413	4.6244736	HGDP00725	100
16.179039	1.6325806	HGDP01338	100
6.2134266	-18.64024	HGDP00449	100
6.206979	-18.727	HGDP00476	100
13.444566	-2.092413	HGDP00548	100
16.015732	1.8433179	HGDP01198	100
16.42629	1.5327157	HGDP00785	100
8.056207	7.365657	HGDP00903	100
16.113514	1.7900876	HGDP01098	100
15.889043	1.5915097	HGDP01315	100
6.891799	7.350643	HGDP01364	100
7.130023	6.703763	HGDP01153	100
15.757182	2.4638777	HGDP01242	100
6.0772295	-8.1513	HGDP01417	100
15.711469	1.8913907	HGDP01308	100
16.082565	6.023135	HGDP01018	100
7.0893965	7.5983353	HGDP00526	100
15.146636	2.1010504	HGDP00717	100
6.7621737	6.7119026	HGDP01172	100
16.046213	1.672511	HGDP01095	100
16.230528	5.660142	HGDP01012	100
7.156293	6.743923	HGDP01168	100
13.0070715	3.662733	HGDP00125	100
5.614006	-8.79457	HGDP01028	100
15.860976	1.959773	HGDP01191	100
3.0567007	-10.610438	HGDP00461	100
16.151249	1.3191785	HGDP01312	100
6.1066065	-9.069607	HGDP00928	100
15.871133	2.578126	HGDP01211	100
2.9535525	-10.247585	HGDP00459	110
5.106393	-9.943995	HGDP01031	110
6.0922117	-9.137201	HGDP00944	110
16.024673	2.4205337	HGDP01216	110
6.298854	-8.836234	HGDP00911	110
15.219078	2.65282	HGDP01244	110
6.128927	-18.666447	HGDP00462	110
5.8728	-9.335863	HGDP01412	110
6.231531	-9.146132	HGDP01283	110
4.7670336	-10.1189575	HGDP00993	110
10.528006	4.6701617	HGDP01298	110
13.73703	-2.8720412	HGDP00541	110
6.1938906	-8.888353	HGDP01285	110
13.188608	-1.491384	HGDP00547	110
8.552103	4.9327846	HGDP00005	110
5.9257793	1.7366405	HGDP01257	110
13.338093	-0.8671946	HGDP00544	110
13.324245	-2.6542344	HGDP00543	110
6.3193836	-8.704775	HGDP00933	110
5.8617935	-9.187366	HGDP00920	110
6.384959	-8.729286	HGDP00938	110
6.61619	4.359512	HGDP00724	110
16.588173	1.3956904	HGDP01190	110
6.700595	-7.143679	HGDP01415	110
16.1735	1.9158015	HGDP00781	110
14.949194	2.522163	HGDP01214	110
5.9635983	-18.784325	HGDP00984	110
16.172487	1.8776793	HGDP00812	110
6.4224024	-8.550564	HGDP00917	110
16.17373	2.0236049	HGDP00818	110
16.022387	1.9655623	HGDP00784	110
16.484812	1.4801917	HGDP01196	110
16.465052	1.1776958	HGDP01321	110
15.769733	2.1090884	HGDP00817	110
16.169151	2.0736766	HGDP01195	110
16.323463	1.9037585	HGDP01193	110
15.982733	1.5531669	HGDP01197	110
15.804415	2.1909804	HGDP01295	110
16.100124	2.3188014	HGDP01288	110
16.166857	1.8057075	HGDP00762	110
16.267115	1.986135	HGDP01331	110
15.951023	2.4327846	HGDP01233	110
16.551624	2.0572562	HGDP01207	110
16.211847	1.7149882	HGDP00819	110
14.501144	3.648891	HGDP00966	110
15.580938	1.9732718	HGDP00716	110
15.544689	3.1325946	HGDP01230	110
9.400795	4.9869695	HGDP00376	110
9.191378	5.3954587	HGDP00364	110
16.280886	2.0644088	HGDP00750	110
15.988672	2.3924174	HGDP01237	110
16.189522	2.2999263	HGDP00756	110
15.326708	3.0936198	HGDP00963	110
14.517548	3.8956695	HGDP00950	110
9.433073	5.0804944	HGDP00104	110
16.047499	1.8968291	HGDP00761	110
15.61561	2.2696204	HGDP01241	110
15.750576	2.3550963	HGDP01231	110
14.429802	3.250999	HGDP00969	110
8.432869	4.8256326	HGDP00035	110
8.804565	5.714604	HGDP00262	110
7.9396534	5.1448874	HGDP00043	110
8.083515	4.4572854	HGDP00074	110
8.034533	4.9451137	HGDP00072	110
6.672159	8.235489	HGDP01358	110
8.802395	5.4587407	HGDP00264	110
8.924526	5.6580367	HGDP00330	110
9.28857	5.4248843	HGDP00417	110
9.567387	5.070678	HGDP00402	110
8.185474	5.7466826	HGDP00096	110
7.882427	3.2855706	HGDP00141	110
8.301779	5.27595	HGDP00086	110
8.506128	5.828261	HGDP00251	110
7.7506447	2.7094865	HGDP00150	110
7.943218	4.214639	HGDP00153	110
6.782751	8.317937	HGDP01357	110
6.9435463	7.258118	HGDP00527	110
7.0532455	7.046684	HGDP00524	110
7.0987473	7.3284154	HGDP00535	110
6.983183	7.1076684	HGDP00523	110
7.025282	6.9499	HGDP00528	110
8.160578	3.9623399	HGDP00151	110
6.9344845	6.8381057	HGDP00516	110
8.047462	3.9597554	HGDP00140	110
7.9411945	4.5123143	HGDP00144	110
7.7767315	7.4155974	HGDP00889	110
7.4186707	6.939918	HGDP01397	110
6.513706	7.154944	HGDP00525	110
8.05051	7.958589	HGDP00897	110
8.122076	7.3792443	HGDP00885	110
8.000305	7.5930734	HGDP00888	110
6.407196	7.210751	HGDP00671	110
6.6929893	6.661903	HGDP01157	110
6.112612	7.3614383	HGDP00561	110
7.059595	8.241586	HGDP01375	110
7.0816727	7.9032598	HGDP00807	110
6.7331524	5.648254	HGDP00579	110
6.324581	7.877213	HGDP00590	110
7.2479935	6.7408643	HGDP00803	110
8.887817	5.46705	HGDP00129	110
6.7827396	5.2208285	HGDP00684	110
6.682831	4.9100165	HGDP00620	110
7.162138	6.7919774	HGDP01169	110
11.186548	4.0880733	HGDP00120	110
15.958086	6.3772407	HGDP01001	110
6.095228	3.545054	HGDP00623	110
6.4007835	3.8622851	HGDP00685	110
6.4212456	8.177164	HGDP01069	110
12.957354	3.8900485	HGDP00121	110
13.869877	-1.1638846	HGDP00663	110
16.108953	5.8286185	HGDP00999	110
5.961193	4.179322	HGDP00643	110
6.576391	4.132833	HGDP00640	110
14.814415	4.539932	HGDP01058	110
6.0954666	4.086351	HGDP00679	110
6.6690254	3.2985578	HGDP00688	110
6.761751	4.0619864	HGDP00635	110
6.343136	8.151294	HGDP00672	110
6.322731	4.958298	HGDP00678	110
6.3209915	6.0305753	HGDP00615	110
14.507528	4.4753776	HGDP00859	110
5.853855	4.093846	HGDP00624	110
6.2096977	4.965426	HGDP00648	110
6.932905	-3.6372504	HGDP01270	110
15.507719	3.7843394	HGDP01059	110
5.7797394	2.499762	HGDP01276	110
5.9201775	4.8927035	HGDP00625	110
6.83387	8.1895685	HGDP01373	110
6.7403145	4.2204204	HGDP00683	110
6.3106956	3.8369365	HGDP00636	110
6.7195225	7.87083	HGDP01370	110
6.89065	5.6367364	HGDP00599	110
7.9226475	5.3620324	HGDP00041	110
6.9717884	7.5332217	HGDP01372	110
6.4261093	6.6586175	HGDP00558	110
2.515217	-9.880385	HGDP00455	110
6.0048885	4.9620585	HGDP00611	110
6.619625	5.120665	HGDP00730	110
6.1056423	4.97047	HGDP00729	110
15.645805	5.3607917	HGDP01014	110
15.113424	3.856504	HGDP00862	110
6.735729	4.818953	HGDP00634	110
6.0924644	4.8664975	HGDP00734	110
6.1529484	5.6715846	HGDP00733	110
6.571039	7.4785647	HGDP01380	110
6.295927	4.782084	HGDP00622	110
5.522064	1.9208217	HGDP01264	110
6.6028385	4.872252	HGDP00692	110
6.4438896	2.5735154	HGDP00627	110
8.810469	5.9259105	HGDP00281	110
6.5237923	5.0272317	HGDP00606	110
6.8012486	5.6000724	HGDP00689	110
6.451889	6.07157	HGDP00567	110
15.214535	4.184568	HGDP00865	110
5.9269466	4.183208	HGDP00630	110
6.0108356	1.7874265	HGDP01279	110
15.894367	5.330007	HGDP00998	110
6.5505886	4.685414	HGDP00725	110
16.264624	1.6623397	HGDP01338	110
6.254655	-18.773245	HGDP00449	110
6.2325354	-18.883514	HGDP00476	110
13.601585	-2.1939235	HGDP00548	110
16.112106	1.8732123	HGDP01198	110
16.515905	1.5782428	HGDP00785	110
8.137009	7.440477	HGDP00903	110
16.20227	1.8303447	HGDP01098	110
15.97492	1.6304679	HGDP01315	110
6.975836	7.426495	HGDP01364	110
7.2238083	6.7810674	HGDP01153	110
15.850748	2.5043578	HGDP01242	110
6.100068	-8.16694	HGDP01417	110
15.808228	1.9207892	HGDP01308	110
16.234858	6.210304	HGDP01018	110
7.1651764	7.6791873	HGDP00526	110
15.259405	2.1269364	HGDP00717	110
6.8499737	6.7830815	HGDP01172	110
16.13687	1.7052855	HGDP01095	110
16.381174	5.8486104	HGDP01012	110
7.2466965	6.818832	HGDP01168	110
13.175871	3.703486	HGDP00125	110
5.633445	-8.814829	HGDP01028	110
15.957264	1.9951186	HGDP01191	110
3.0402205	-10.631291	HGDP00461	110
16.239473	1.3515143	HGDP01312	110
6.1159725	-9.089577	HGDP00928	110
15.957533	2.6067252	HGDP01211	110
2.9156892	-10.263551	HGDP00459	120
5.079765	-9.959924	HGDP01031	120
6.0684114	-9.150048	HGDP00944	120
16.015303	2.42193	HGDP01216	120
6.2767177	-8.849034	HGDP00911	120
15.207163	2.6558454	HGDP01244	120
6.1372943	-18.741335	HGDP00462	120
5.849816	-9.341322	HGDP01412	120
6.2097144	-9.159085	HGDP01283	120
4.7386794	-10.1367035	HGDP00993	120
10.506872	4.6823316	HGDP01298	120
13.707626	-2.9138386	HGDP00541	120
6.1711783	-8.90448	HGDP01285	120
13.161402	-1.5248398	HGDP00547	120
8.5301075	4.940636	HGDP00005	120
5.8978267	1.7467257	HGDP01257	120
13.3167515	-0.8911947	HGDP00544	120
13.295326	-2.6955588	HGDP00543	120
6.2969546	-8.716837	HGDP00933	120
5.8390975	-9.204918	HGDP00920	120
6.3627667	-8.742605	HGDP00938	120
6.5827193	4.3734593	HGDP00724	120
16.57608	1.3937336	HGDP01190	120
6.676993	-7.152186	HGDP01415	120
16.164585	1.9152905	HGDP00781	120
14.938856	2.5285432	HGDP01214	120
5.9725757	-18.85736	HGDP00984	120
16.163736	1.8777767	HGDP00812	120
6.398665	-8.563542	HGDP00917	120
16.164442	2.0244062	HGDP00818	120
16.013786	1.9650837	HGDP00784	120
16.475416	1.4803444	HGDP01196	120
16.455305	1.1778961	HGDP01321	120
15.760838	2.1123083	HGDP00817	120
16.159874	2.0727518	HGDP01195	120
16.314396	1.9041268	HGDP01193	120
15.9743805	1.5535542	HGDP01197	120
15.795509	2.193403	HGDP01295	120
16.090576	2.3201616	HGDP01288	120
16.157179	1.8072373	HGDP00762	120
16.257818	1.9879605	HGDP01331	120
15.940777	2.435251	HGDP01233	120
16.53963	2.056362	HGDP01207	120
16.203459	1.7152954	HGDP00819	120
14.48785	3.6555345	HGDP00966	120
15.571007	1.9756657	HGDP00716	120
15.534658	3.1364095	HGDP01230	120
9.381014	4.992787	HGDP00376	120
9.171181	5.401015	HGDP00364	120
16.271374	2.0660722	HGDP00750	120
15.9794445	2.396654	HGDP01237	120
16.180017	2.3027112	HGDP00756	120
15.315754	3.0985715	HGDP00963	120
14.503796	3.8991544	HGDP00950	120
9.411877	5.091739	HGDP00104	120
16.037846	1.8987004	HGDP00761	120
15.6051445	2.272024	HGDP01241	120
15.741035	2.3562772	HGDP01231	120
14.418901	3.2570283	HGDP00969	120
8.408646	4.834068	HGDP00035	120
8.782505	5.723623	HGDP00262	120
7.912864	5.1540446	HGDP00043	120
8.057615	4.4635987	HGDP00074	120
8.006376	4.954087	HGDP00072	120
6.6414046	8.254099	HGDP01358	120
8.782604	5.466204	HGDP00264	120
8.901979	5.6656623	HGDP00330	120
9.268391	5.433104	HGDP00417	120
9.546068	5.0792613	HGDP00402	120
8.159975	5.7566123	HGDP00096	120
7.854976	3.2933671	HGDP00141	120
8.276787	5.28437	HGDP00086	120
8.483469	5.8364644	HGDP00251	120
7.723783	2.7182167	HGDP00150	120
7.918384	4.2214437	HGDP00153	120
6.752025	8.335696	HGDP01357	120
6.9127936	7.274076	HGDP00527	120
7.02206	7.063561	HGDP00524	120
7.069511	7.345245	HGDP00535	120
6.951429	7.124598	HGDP00523	120
6.994468	6.96678	HGDP00528	120
8.135529	3.969612	HGDP00151	120
6.903665	6.8550086	HGDP00516	120
8.022053	3.969508	HGDP00140	120
7.9143844	4.521338	HGDP00144	120
7.749557	7.4305367	HGDP00889	120
7.3901515	6.953198	HGDP01397	120
6.4817424	7.172771	HGDP00525	120
8.024908	7.9760137	HGDP00897	120
8.095808	7.3937535	HGDP00885	120
7.972791	7.6096215	HGDP00888	120
6.3726516	7.2312245	HGDP00671	120
6.6602397	6.678839	HGDP01157	120
6.0842605	7.3723683	HGDP00561	120
7.030477	8.259809	HGDP01375	120
7.0520625	7.92141	HGDP00807	120
6.7028384	5.6638083	HGDP00579	120
6.2904353	7.890981	HGDP00590	120
7.218118	6.758476	HGDP00803	120
8.867632	5.477816	HGDP00129	120
6.749082	5.2359996	HGDP00684	120
6.650457	4.922746	HGDP00620	120
7.133777	6.807341	HGDP01169	120
11.167686	4.096577	HGDP00120	120
15.952225	6.421617	HGDP01001	120
6.062862	3.559368	HGDP00623	120
6.368751	3.8745954	HGDP00685	120
6.3871417	8.198188	HGDP01069	120
12.942656	3.8996942	HGDP00121	120
13.850132	-1.1819128	HGDP00663	120
16.101116	5.8647323	HGDP00999	120
5.92909	4.191171	HGDP00643	120
6.5433974	4.1454663	HGDP00640	120
14.804745	4.565603	HGDP01058	120
6.0632453	4.1026454	HGDP00679	120
6.6341205	3.3090847	HGDP00688	120
6.73101	4.074102	HGDP00635	120
6.3091884	8.172885	HGDP00672	120
6.291639	4.9730973	HGDP00678	120
6.2873797	6.0461535	HGDP00615	120
14.498793	4.4991126	HGDP00859	120
5.8234553	4.1062245	HGDP00624	120
6.1766334	4.9798093	HGDP00648	120
6.907409	-3.6347811	HGDP01270	120
15.499725	3.804239	HGDP01059	120
5.7480197	2.5118225	HGDP01276	120
5.8895087	4.9071994	HGDP00625	120
6.8029513	8.207796	HGDP01373	120
6.708616	4.2332244	HGDP00683	120
6.277263	3.8483503	HGDP00636	120
6.6886477	7.888901	HGDP01370	120
6.8583503	5.6521897	HGDP00599	120
7.897199	5.3703523	HGDP00041	120
6.9401603	7.551683	HGDP01372	120
6.3907886	6.673843	HGDP00558	120
2.4773786	-9.893459	HGDP00455	120
5.9723697	4.9765744	HGDP00611	120
6.587732	5.1337104	HGDP00730	120
6.0728126	4.9853597	HGDP00729	120
15.640539	5.3994746	HGDP01014	120
15.105423	3.8761232	HGDP00862	120
6.7047935	4.83166	HGDP00634	120
6.05969	4.880839	HGDP00734	120
6.1194263	5.6862655	HGDP00733	120
6.537864	7.498013	HGDP01380	120
6.2623324	4.796826	HGDP00622	120
5.495374	1.9345309	HGDP01264	120
6.5712123	4.8852363	HGDP00692	120
6.410915	2.582586	HGDP00627	120
8.78788	5.9282813	HGDP00281	120
6.489467	5.04221	HGDP00606	120
6.7689986	5.6139874	HGDP00689	120
6.419803	6.086229	HGDP00567	120
15.206747	4.2039123	HGDP00865	120
5.8923087	4.198055	HGDP00630	120
5.9800067	1.797877	HGDP01279	120
15.885149	5.367418	HGDP00998	120
6.517133	4.700767	HGDP00725	120
16.255777	1.6627117	HGDP01338	120
6.2498918	-18.85016	HGDP00449	120
6.2289863	-18.960766	HGDP00476	120
13.577061	-2.2293322	HGDP00548	120
16.103191	1.87178	HGDP01198	120
16.507137	1.5788418	HGDP00785	120
8.110483	7.4557652	HGDP00903	120
16.19288	1.831659	HGDP01098	120
15.964989	1.6305577	HGDP01315	120
6.944778	7.44385	HGDP01364	120
7.192945	6.798225	HGDP01153	120
15.840748	2.505884	HGDP01242	120
6.0763087	-8.1771	HGDP01417	120
15.79776	1.9213578	HGDP01308	120
16.22727	6.248402	HGDP01018	120
7.1359706	7.6957746	HGDP00526	120
15.248907	2.1283195	HGDP00717	120
6.819608	6.800155	HGDP01172	120
16.126978	1.7050568	HGDP01095	120
16.373707	5.8879895	HGDP01012	120
7.21771	6.8344836	HGDP01168	120
13.158913	3.7121093	HGDP00125	120
5.6109033	-8.828503	HGDP01028	120
15.948017	1.9949776	HGDP01191	120
2.99905	-10.645434	HGDP00461	120
16.228363	1.3508469	HGDP01312	120
6.095103	-9.102431	HGDP00928	120
15.947113	2.6111047	HGDP01211	120
