0	1	sampleID	epoch
55.07204	-169.35503	HGDP00479	0
49.011738	-158.7246	HGDP01411	0
54.399433	-165.09105	HGDP00470	0
53.933308	-162.81639	HGDP00458	0
51.72408	-160.23854	HGDP00942	0
51.522114	-154.55199	HGDP01031	0
50.00716	-160.39174	HGDP00908	0
53.099934	-170.55891	HGDP00986	0
51.41689	-156.99614	HGDP00941	0
49.647602	-155.89772	HGDP00934	0
50.13503	-167.28624	HGDP01412	0
49.86397	-161.08629	HGDP00918	0
30.887655	-164.80882	HGDP00655	0
30.890646	-163.88145	HGDP00715	0
29.443258	-163.54997	HGDP00788	0
30.323874	-164.61214	HGDP00541	0
31.883688	-160.7404	HGDP00703	0
27.999838	-165.71306	HGDP00163	0
30.307577	-162.87206	HGDP00544	0
31.707602	-166.1791	HGDP00057	0
50.95937	-157.18282	HGDP00931	0
26.887594	-164.86119	HGDP00056	0
26.733053	-164.95055	HGDP00562	0
26.745565	-165.14284	HGDP01396	0
27.595602	-163.19048	HGDP00341	0
29.38265	-164.2469	HGDP00947	0
27.859457	-160.67543	HGDP00723	0
51.860737	-161.66078	HGDP00920	0
28.612753	-164.4038	HGDP00724	0
33.62264	-160.29372	HGDP00837	0
28.303549	-165.21632	HGDP00118	0
29.469198	-164.79225	HGDP01043	0
30.271444	-163.95262	HGDP00821	0
30.657064	-163.54665	HGDP01327	0
31.243795	-162.06178	HGDP01099	0
47.66811	-157.447	HGDP01416	0
30.555075	-163.5048	HGDP00971	0
29.524557	-163.05815	HGDP01213	0
30.66805	-164.73363	HGDP01290	0
31.031393	-165.80205	HGDP00974	0
31.06301	-164.94807	HGDP00786	0
31.070578	-163.84297	HGDP01287	0
29.821554	-162.67207	HGDP01292	0
31.895834	-162.67784	HGDP01334	0
30.714499	-162.21211	HGDP01321	0
30.468649	-163.49904	HGDP01311	0
30.905233	-163.64061	HGDP01104	0
29.916647	-163.55284	HGDP01187	0
30.182943	-165.74281	HGDP01185	0
30.62551	-164.90761	HGDP01247	0
31.53884	-164.13121	HGDP00766	0
29.958822	-165.10652	HGDP01233	0
29.16567	-163.39641	HGDP01207	0
30.170248	-164.22008	HGDP01291	0
29.608175	-163.76805	HGDP01183	0
30.117636	-164.18297	HGDP01232	0
31.172323	-163.5291	HGDP01102	0
29.011312	-165.2733	HGDP01303	0
28.253195	-164.85072	HGDP00099	0
30.420126	-163.5335	HGDP00790	0
29.669638	-163.58128	HGDP01209	0
30.588278	-163.50813	HGDP01212	0
30.262777	-164.75584	HGDP01241	0
29.187948	-166.57475	HGDP00961	0
30.339315	-164.35963	HGDP01227	0
27.23281	-162.88603	HGDP00047	0
27.422445	-166.01295	HGDP00031	0
27.300436	-164.42241	HGDP00066	0
37.84035	-159.14381	HGDP00013	0
26.062094	-163.97456	HGDP00052	0
26.502401	-167.55632	HGDP00277	0
25.756735	-165.45937	HGDP00290	0
27.28005	-171.48601	HGDP00330	0
25.940939	-166.32701	HGDP00536	0
27.616964	-166.13289	HGDP00205	0
26.851278	-167.51949	HGDP00402	0
26.332052	-162.27058	HGDP00080	0
27.360495	-166.74144	HGDP00096	0
26.002035	-166.94444	HGDP00298	0
30.91915	-159.84334	HGDP00150	0
26.549337	-164.65608	HGDP00512	0
26.872396	-164.17531	HGDP00880	0
25.740133	-163.21529	HGDP01363	0
28.935385	-162.1082	HGDP00177	0
24.470419	-163.89015	HGDP00535	0
26.29067	-163.81721	HGDP00882	0
25.705648	-163.08192	HGDP00538	0
27.736471	-162.35664	HGDP00155	0
26.754354	-163.3066	HGDP01398	0
26.165487	-164.12398	HGDP00131	0
25.466024	-165.00966	HGDP01382	0
25.355978	-164.53258	HGDP01397	0
25.849936	-164.12837	HGDP01403	0
26.085104	-164.2954	HGDP00517	0
25.275717	-163.74446	HGDP00799	0
27.065756	-162.8433	HGDP00885	0
25.130026	-162.59807	HGDP01157	0
25.252584	-162.8159	HGDP01073	0
26.029928	-164.36937	HGDP01399	0
26.248861	-163.43529	HGDP00797	0
25.17745	-163.38893	HGDP00808	0
25.40389	-164.38954	HGDP01387	0
25.60488	-164.05482	HGDP00534	0
27.435263	-165.4369	HGDP00649	0
28.706442	-163.80452	HGDP00691	0
25.453268	-164.19899	HGDP01173	0
25.137594	-163.64854	HGDP01068	0
30.266134	-161.96791	HGDP00870	0
26.821371	-168.20213	HGDP00604	0
24.90444	-164.4197	HGDP00802	0
26.038351	-165.34459	HGDP01149	0
27.778708	-165.40358	HGDP00120	0
33.75545	-162.80003	HGDP00175	0
26.286642	-167.29393	HGDP00333	0
25.80947	-163.6892	HGDP01155	0
25.329306	-164.80489	HGDP00667	0
31.219381	-164.47478	HGDP00863	0
25.82546	-165.57863	HGDP00588	0
50.32918	-157.18285	HGDP00912	0
26.31014	-164.63069	HGDP00595	0
31.950094	-159.96858	HGDP01269	0
26.365683	-164.03407	HGDP00571	0
29.797018	-160.41615	HGDP00708	0
25.578451	-162.95396	HGDP00577	0
28.195883	-163.92747	HGDP00614	0
29.816977	-162.54771	HGDP01217	0
29.465963	-164.278	HGDP00759	0
25.80483	-165.11815	HGDP00230	0
26.912374	-165.52773	HGDP00628	0
29.934958	-163.0671	HGDP00624	0
30.062704	-165.77864	HGDP00647	0
28.211935	-164.06242	HGDP00197	0
27.997396	-162.75789	HGDP00625	0
26.097921	-163.27501	HGDP01373	0
31.579855	-164.00856	HGDP00738	0
31.043905	-161.64388	HGDP00619	0
30.03243	-162.16011	HGDP00637	0
26.6285	-165.75923	HGDP00677	0
30.098593	-163.82887	HGDP00748	0
27.192465	-164.60414	HGDP00171	0
26.63265	-162.9572	HGDP00041	0
24.223104	-164.02379	HGDP00666	0
28.173483	-164.79286	HGDP00237	0
26.061972	-165.20744	HGDP00806	0
25.841452	-162.881	HGDP01177	0
28.546835	-163.53816	HGDP01302	0
30.093405	-157.7813	HGDP01019	0
30.602133	-158.2	HGDP01014	0
29.753134	-163.36638	HGDP00644	0
29.372824	-163.41695	HGDP00645	0
31.084982	-165.18126	HGDP01208	0
26.138327	-169.05028	HGDP00302	0
26.572287	-166.03606	HGDP00740	0
32.12917	-162.78615	HGDP00627	0
29.053915	-163.04329	HGDP00542	0
25.69155	-163.45628	HGDP00559	0
27.678915	-164.55565	HGDP01301	0
27.306662	-164.04451	HGDP00642	0
26.477621	-163.48582	HGDP00187	0
27.2535	-167.83989	HGDP00274	0
30.099203	-163.18721	HGDP01057	0
27.13973	-164.05287	HGDP00689	0
26.358603	-164.46053	HGDP00222	0
26.87905	-164.75829	HGDP00007	0
30.30776	-163.41344	HGDP00865	0
31.918783	-162.47188	HGDP01266	0
50.57198	-154.52467	HGDP00927	0
27.746603	-160.59077	HGDP00616	0
30.302206	-161.61833	HGDP01338	0
30.582968	-160.96654	HGDP01333	0
26.851522	-163.36107	HGDP00027	0
25.438131	-162.20226	HGDP01402	0
25.70217	-161.0804	HGDP00232	0
30.994833	-161.82552	HGDP00785	0
25.649984	-163.3803	HGDP00903	0
24.837606	-161.59935	HGDP01364	0
29.540731	-161.72417	HGDP01044	0
30.02535	-159.51494	HGDP01320	0
27.333029	-162.50871	HGDP00195	0
50.46584	-159.47887	HGDP01199	0
28.391073	-160.90242	HGDP00157	0
25.858969	-164.36497	HGDP00286	0
30.490377	-161.99925	HGDP01095	0
25.594503	-161.9724	HGDP01168	0
25.537413	-162.12108	HGDP00530	0
29.33568	-163.5006	HGDP01211	0
-19.050415	69.24955	HGDP00479	10
-27.554138	51.01338	HGDP01411	10
-19.061096	64.74015	HGDP00470	10
-23.500977	67.63453	HGDP00458	10
-33.16913	57.275646	HGDP00942	10
-31.64209	61.239605	HGDP01031	10
-34.05774	59.02635	HGDP00908	10
-16.678284	59.94343	HGDP00986	10
-32.374634	62.02827	HGDP00941	10
-31.427551	57.084423	HGDP00934	10
-29.653748	53.615154	HGDP01412	10
-31.101685	55.190563	HGDP00918	10
-25.05011	-18.495047	HGDP00655	10
-31.088135	-25.320333	HGDP00715	10
-24.323364	-21.694113	HGDP00788	10
-27.848938	-13.98116	HGDP00541	10
-32.604492	-11.09612	HGDP00703	10
-30.828491	-15.3073015	HGDP00163	10
-28.54712	-15.468129	HGDP00544	10
-32.383972	0.43195602	HGDP00057	10
-34.6037	65.008644	HGDP00931	10
-32.288025	-15.969899	HGDP00056	10
-31.2005	-11.45287	HGDP00562	10
-32.731018	-17.20986	HGDP01396	10
-31.167603	-18.754599	HGDP00341	10
-33.00128	-22.512777	HGDP00947	10
-29.343018	-3.6746113	HGDP00723	10
-28.494934	55.950268	HGDP00920	10
-29.447205	-9.857381	HGDP00724	10
-31.976501	-19.519339	HGDP00837	10
-31.463562	-20.7376	HGDP00118	10
-33.2005	-25.500021	HGDP01043	10
-32.585938	-26.943716	HGDP00821	10
-31.29425	-26.948935	HGDP01327	10
-31.64569	-24.226278	HGDP01099	10
-27.85553	49.891613	HGDP01416	10
-32.42334	-26.734732	HGDP00971	10
-33.3183	-25.503805	HGDP01213	10
-32.755676	-25.420767	HGDP01290	10
-32.68329	-26.381186	HGDP00974	10
-32.69055	-25.896383	HGDP00786	10
-32.099	-25.254293	HGDP01287	10
-32.64868	-25.369772	HGDP01292	10
-31.4068	-26.739157	HGDP01334	10
-32.14514	-26.36492	HGDP01321	10
-32.540283	-28.14919	HGDP01311	10
-32.10034	-27.17745	HGDP01104	10
-33.079956	-26.747091	HGDP01187	10
-32.677124	-28.85967	HGDP01185	10
-32.373657	-27.633902	HGDP01247	10
-31.92102	-25.087027	HGDP00766	10
-33.361755	-27.226706	HGDP01233	10
-33.980896	-27.911276	HGDP01207	10
-32.38977	-26.170889	HGDP01291	10
-33.29138	-27.072927	HGDP01183	10
-33.07831	-25.912191	HGDP01232	10
-31.981934	-26.843008	HGDP01102	10
-31.907288	-21.852682	HGDP01303	10
-32.42328	-21.55068	HGDP00099	10
-32.41638	-26.541372	HGDP00790	10
-33.114136	-26.431265	HGDP01209	10
-31.822266	-24.497885	HGDP01212	10
-32.328247	-24.773733	HGDP01241	10
-32.59784	-24.072958	HGDP00961	10
-32.138184	-26.093557	HGDP01227	10
-30.658813	-15.519582	HGDP00047	10
-31.790588	-14.98412	HGDP00031	10
-30.795776	-15.409261	HGDP00066	10
-29.795837	21.096933	HGDP00013	10
-31.54596	-16.10015	HGDP00052	10
-30.028198	-19.848227	HGDP00277	10
-30.996826	-19.340078	HGDP00290	10
-30.778992	-22.429281	HGDP00330	10
-32.83844	-18.471457	HGDP00536	10
-32.05896	-17.561789	HGDP00205	10
-33.470947	-19.297262	HGDP00402	10
-30.839966	-15.698964	HGDP00080	10
-32.00952	-17.010641	HGDP00096	10
-31.02533	-20.617178	HGDP00298	10
-31.07129	-0.901418	HGDP00150	10
-31.29779	-15.891347	HGDP00512	10
-32.343506	-17.491903	HGDP00880	10
-32.236145	-16.852438	HGDP01363	10
-31.758118	-7.4180503	HGDP00177	10
-32.836	-18.153006	HGDP00535	10
-32.0365	-17.34374	HGDP00882	10
-31.854675	-17.082083	HGDP00538	10
-31.236877	-11.075582	HGDP00155	10
-31.163147	-17.349142	HGDP01398	10
-31.838379	-16.225607	HGDP00131	10
-32.285522	-18.604391	HGDP01382	10
-32.80536	-17.625021	HGDP01397	10
-32.01831	-18.412008	HGDP01403	10
-32.059326	-17.510519	HGDP00517	10
-32.414673	-17.588156	HGDP00799	10
-31.111694	-18.557852	HGDP00885	10
-31.657959	-18.246023	HGDP01157	10
-32.729797	-16.787191	HGDP01073	10
-32.151123	-16.6827	HGDP01399	10
-32.552673	-16.245932	HGDP00797	10
-32.2865	-18.472067	HGDP00808	10
-32.52112	-18.70931	HGDP01387	10
-32.43335	-17.817343	HGDP00534	10
-32.25293	-9.882466	HGDP00649	10
-28.613586	-11.201985	HGDP00691	10
-32.565613	-17.635519	HGDP01173	10
-32.8739	-17.056143	HGDP01068	10
-32.740356	-24.38973	HGDP00870	10
-30.088928	-17.118002	HGDP00604	10
-32.83716	-18.303305	HGDP00802	10
-32.092102	-18.299429	HGDP01149	10
-32.86316	-22.50228	HGDP00120	10
-29.850647	4.9111733	HGDP00175	10
-30.486755	-21.045034	HGDP00333	10
-31.999634	-18.480337	HGDP01155	10
-32.945618	-16.680716	HGDP00667	10
-33.79474	-21.752188	HGDP00863	10
-31.508606	-17.411093	HGDP00588	10
-31.927612	56.0554	HGDP00912	10
-31.93927	-14.719258	HGDP00595	10
-31.528748	9.613597	HGDP01269	10
-30.200806	-13.874013	HGDP00571	10
-33.884033	-23.745962	HGDP00708	10
-30.762817	-14.712544	HGDP00577	10
-29.839478	-8.303151	HGDP00614	10
-31.904297	-26.620138	HGDP01217	10
-33.30432	-26.234335	HGDP00759	10
-31.767944	-20.991446	HGDP00230	10
-31.905457	-11.410726	HGDP00628	10
-30.333313	-3.1671345	HGDP00624	10
-30.154053	-6.9342856	HGDP00647	10
-30.88324	-17.263449	HGDP00197	10
-31.186035	-7.2118735	HGDP00625	10
-32.207153	-16.314718	HGDP01373	10
-30.492004	-1.9765217	HGDP00738	10
-29.92102	1.4775188	HGDP00619	10
-31.215271	-1.0535481	HGDP00637	10
-30.962585	-9.943135	HGDP00677	10
-32.971375	-26.559195	HGDP00748	10
-31.500793	-16.679495	HGDP00171	10
-31.209656	-15.412343	HGDP00041	10
-33.836365	-16.937582	HGDP00666	10
-30.319397	-18.535421	HGDP00237	10
-32.624756	-18.012533	HGDP00806	10
-31.72998	-16.777487	HGDP01177	10
-31.756226	-24.534567	HGDP01302	10
-34.09796	-28.029654	HGDP01019	10
-34.231384	-25.090628	HGDP01014	10
-29.95166	-8.417562	HGDP00644	10
-31.099243	-7.159536	HGDP00645	10
-32.574707	-25.066977	HGDP01208	10
-31.12799	-21.834219	HGDP00302	10
-31.845642	-14.968923	HGDP00740	10
-29.85675	1.77476	HGDP00627	10
-27.350037	-14.108937	HGDP00542	10
-31.512573	-16.246634	HGDP00559	10
-32.805847	-21.855947	HGDP01301	10
-31.928162	-9.545064	HGDP00642	10
-31.789856	-17.965475	HGDP00187	10
-30.44989	-19.105398	HGDP00274	10
-33.68152	-26.329916	HGDP01057	10
-31.550293	-11.669972	HGDP00689	10
-31.984436	-17.51003	HGDP00222	10
-32.181335	-13.9661455	HGDP00007	10
-33.36792	-25.260489	HGDP00865	10
-28.913452	-0.790395	HGDP01266	10
-33.275146	62.11598	HGDP00927	10
-30.792847	-8.713826	HGDP00616	10
-33.494934	-27.705221	HGDP01338	10
-31.714478	-26.89028	HGDP01333	10
-32.179016	-14.907155	HGDP00027	10
-32.721924	-17.975363	HGDP01402	10
-31.936523	-18.516134	HGDP00232	10
-31.814148	-26.03237	HGDP00785	10
-33.386536	-18.15502	HGDP00903	10
-33.084656	-15.797872	HGDP01364	10
-33.938843	-25.95571	HGDP01044	10
-32.3761	-25.000326	HGDP01320	10
-30.889832	-17.455343	HGDP00195	10
-34.400757	57.83769	HGDP01199	10
-29.533203	-10.228383	HGDP00157	10
-30.649109	-18.878164	HGDP00286	10
-31.53479	-27.748251	HGDP01095	10
-32.553894	-16.459005	HGDP01168	10
-31.90028	-17.581282	HGDP00530	10
-32.68823	-27.219542	HGDP01211	10
12.781204	93.909004	HGDP00479	20
-23.52507	76.77903	HGDP01411	20
3.9400785	89.59046	HGDP00470	20
5.410293	94.248604	HGDP00458	20
-23.766464	92.3921	HGDP00942	20
-15.858078	89.716896	HGDP01031	20
-22.437119	94.09141	HGDP00908	20
7.4635158	86.75477	HGDP00986	20
-21.788254	91.335335	HGDP00941	20
-24.478378	84.66401	HGDP00934	20
-29.682419	90.238686	HGDP01412	20
-27.044174	80.86863	HGDP00918	20
-47.004745	-50.837696	HGDP00655	20
-55.513412	-61.146534	HGDP00715	20
-44.35936	-54.27608	HGDP00788	20
-49.22386	-47.468433	HGDP00541	20
-56.995163	-28.645954	HGDP00703	20
-60.709274	-18.024433	HGDP00163	20
-47.98723	-51.488422	HGDP00544	20
-56.27556	2.539714	HGDP00057	20
-20.33989	96.072334	HGDP00931	20
-62.564926	-18.839893	HGDP00056	20
-63.071274	-4.924123	HGDP00562	20
-63.25261	-20.99178	HGDP01396	20
-60.236923	-24.381184	HGDP00341	20
-59.194504	-50.143696	HGDP00947	20
-56.923203	1.0614121	HGDP00723	20
-23.649643	80.765114	HGDP00920	20
-58.248825	-7.942647	HGDP00724	20
-63.768417	-49.01119	HGDP00837	20
-60.058823	-32.078327	HGDP00118	20
-64.80492	-57.814625	HGDP01043	20
-58.006454	-67.96752	HGDP00821	20
-55.924545	-69.50799	HGDP01327	20
-56.25389	-61.60021	HGDP01099	20
-24.90007	72.9889	HGDP01416	20
-58.357834	-66.60323	HGDP00971	20
-58.594345	-64.56936	HGDP01213	20
-59.100204	-65.578545	HGDP01290	20
-58.534348	-66.81048	HGDP00974	20
-58.381027	-65.82839	HGDP00786	20
-57.801743	-65.100426	HGDP01287	20
-58.774277	-60.409412	HGDP01292	20
-56.250656	-70.68737	HGDP01334	20
-57.08629	-71.207634	HGDP01321	20
-57.130234	-72.64385	HGDP01311	20
-57.2957	-68.2261	HGDP01104	20
-58.26494	-67.97823	HGDP01187	20
-57.679672	-70.39031	HGDP01185	20
-57.860764	-66.84255	HGDP01247	20
-58.0551	-64.08071	HGDP00766	20
-59.124496	-65.09872	HGDP01233	20
-57.731796	-67.78857	HGDP01207	20
-58.109848	-62.63341	HGDP01291	20
-58.40422	-68.30337	HGDP01183	20
-59.759384	-65.5743	HGDP01232	20
-57.94432	-69.50317	HGDP01102	20
-60.865402	-42.458393	HGDP01303	20
-61.51982	-38.904682	HGDP00099	20
-58.37816	-67.04958	HGDP00790	20
-59.197556	-64.28756	HGDP01209	20
-58.771957	-57.89855	HGDP01212	20
-59.278366	-58.310596	HGDP01241	20
-60.226486	-48.83974	HGDP00961	20
-58.846176	-62.627827	HGDP01227	20
-59.750534	-17.419819	HGDP00047	20
-61.984665	-18.55315	HGDP00031	20
-62.12578	-15.805837	HGDP00066	20
-40.651474	32.578472	HGDP00013	20
-61.827316	-18.163654	HGDP00052	20
-63.00676	-20.859089	HGDP00277	20
-64.410995	-19.563648	HGDP00290	20
-62.780624	-24.849201	HGDP00330	20
-64.26811	-17.331318	HGDP00536	20
-62.84355	-20.849934	HGDP00205	20
-63.7462	-24.609516	HGDP00402	20
-60.69963	-16.315998	HGDP00080	20
-62.33281	-19.406818	HGDP00096	20
-62.09044	-22.767231	HGDP00298	20
-53.731796	5.975047	HGDP00150	20
-64.36302	-13.13918	HGDP00512	20
-64.05504	-18.649128	HGDP00880	20
-66.30229	-10.525319	HGDP01363	20
-58.389206	-8.828237	HGDP00177	20
-65.71031	-14.917409	HGDP00535	20
-64.16936	-15.79952	HGDP00882	20
-63.746628	-17.195606	HGDP00538	20
-60.078964	-7.376546	HGDP00155	20
-62.0399	-19.748615	HGDP01398	20
-62.17656	-17.754475	HGDP00131	20
-63.79814	-19.351124	HGDP01382	20
-64.331345	-16.872791	HGDP01397	20
-63.299057	-19.402973	HGDP01403	20
-63.797348	-14.816457	HGDP00517	20
-65.20293	-15.895284	HGDP00799	20
-62.699265	-20.405994	HGDP00885	20
-63.54454	-15.828847	HGDP01157	20
-64.91148	-13.398915	HGDP01073	20
-64.06944	-15.958669	HGDP01399	20
-66.485886	-12.541127	HGDP00797	20
-64.75816	-15.154164	HGDP00808	20
-63.288193	-20.513325	HGDP01387	20
-64.88493	-17.02834	HGDP00534	20
-64.17528	-11.845326	HGDP00649	20
-56.8228	-6.339284	HGDP00691	20
-65.18419	-15.344167	HGDP01173	20
-65.04259	-13.806661	HGDP01068	20
-61.91417	-56.33214	HGDP00870	20
-63.476974	-12.384175	HGDP00604	20
-65.871994	-13.835713	HGDP00802	20
-63.514877	-15.946279	HGDP01149	20
-62.059982	-41.292133	HGDP00120	20
-51.75554	8.104411	HGDP00175	20
-62.52324	-21.248127	HGDP00333	20
-63.34697	-16.902729	HGDP01155	20
-65.78899	-14.6433	HGDP00667	20
-62.063583	-52.49187	HGDP00863	20
-63.466965	-14.983235	HGDP00588	20
-24.238144	86.85151	HGDP00912	20
-62.9467	-12.596852	HGDP00595	20
-55.153854	14.929057	HGDP01269	20
-64.682236	-9.220357	HGDP00571	20
-64.08305	-59.48473	HGDP00708	20
-63.977463	-10.085195	HGDP00577	20
-58.67021	-6.7932024	HGDP00614	20
-57.512802	-63.27666	HGDP01217	20
-59.672592	-62.94634	HGDP00759	20
-62.51927	-26.611408	HGDP00230	20
-62.253098	-9.903798	HGDP00628	20
-58.81169	1.1465561	HGDP00624	20
-58.822372	-3.968373	HGDP00647	20
-60.686325	-22.353504	HGDP00197	20
-60.595505	-5.5189104	HGDP00625	20
-65.99504	-11.271443	HGDP01373	20
-57.268906	0.24833222	HGDP00738	20
-52.377914	7.708415	HGDP00619	20
-57.665024	5.007579	HGDP00637	20
-61.570847	-5.8274126	HGDP00677	20
-58.745773	-66.56072	HGDP00748	20
-62.146835	-19.63274	HGDP00171	20
-60.633774	-18.115376	HGDP00041	20
-66.63243	-12.6987505	HGDP00666	20
-59.947617	-24.171925	HGDP00237	20
-64.6884	-15.099538	HGDP00806	20
-63.896408	-13.845143	HGDP01177	20
-59.08409	-47.672474	HGDP01302	20
-64.564804	-68.71032	HGDP01019	20
-64.91148	-60.64104	HGDP01014	20
-58.22618	-6.180043	HGDP00644	20
-58.621994	-3.4966934	HGDP00645	20
-58.663986	-60.581593	HGDP01208	20
-63.069016	-23.24892	HGDP00302	20
-63.37993	-13.189351	HGDP00740	20
-55.119614	9.312846	HGDP00627	20
-45.83354	-50.973316	HGDP00542	20
-62.339523	-14.216237	HGDP00559	20
-61.7567	-39.14089	HGDP01301	20
-63.545273	-7.2224627	HGDP00642	20
-61.353622	-20.21532	HGDP00187	20
-63.067673	-21.974567	HGDP00274	20
-64.22185	-62.1805	HGDP01057	20
-61.272995	-7.0998735	HGDP00689	20
-63.409775	-19.012348	HGDP00222	20
-63.1389	-15.316091	HGDP00007	20
-63.47087	-58.44408	HGDP00865	20
-55.823532	0.11564178	HGDP01266	20
-20.914963	90.70536	HGDP00927	20
-58.866684	-3.5777175	HGDP00616	20
-56.15593	-69.6025	HGDP01338	20
-55.51317	-70.24172	HGDP01333	20
-59.5009	-16.523151	HGDP00027	20
-62.87834	-19.632435	HGDP01402	20
-60.59935	-21.232044	HGDP00232	20
-57.086594	-69.516655	HGDP00785	20
-64.90752	-16.875813	HGDP00903	20
-65.48631	-12.369222	HGDP01364	20
-65.961105	-63.91332	HGDP01044	20
-56.123886	-65.87618	HGDP01320	20
-59.451157	-19.910938	HGDP00195	20
-23.27208	94.035194	HGDP01199	20
-56.465805	-10.364583	HGDP00157	20
-61.853745	-19.780323	HGDP00286	20
-56.43718	-67.57592	HGDP01095	20
-63.676987	-16.816456	HGDP01168	20
-63.19856	-16.624004	HGDP00530	20
-58.326138	-60.75531	HGDP01211	20
38.544678	61.726658	HGDP00479	30
6.505554	59.319096	HGDP01411	30
32.71759	60.430546	HGDP00470	30
30.842773	64.5444	HGDP00458	30
3.4697263	66.395935	HGDP00942	30
10.633606	64.40164	HGDP01031	30
3.167175	67.463104	HGDP00908	30
35.893555	56.897587	HGDP00986	30
4.922241	66.58331	HGDP00941	30
3.3781736	64.38937	HGDP00934	30
6.2977905	65.58615	HGDP01412	30
2.3212278	62.541965	HGDP00918	30
-5.4363403	-23.155546	HGDP00655	30
-8.008362	-46.08392	HGDP00715	30
-3.5955203	-25.675413	HGDP00788	30
-2.5423586	-22.074217	HGDP00541	30
-23.044434	-17.512938	HGDP00703	30
-19.057922	-7.905332	HGDP00163	30
-5.3894653	-26.334898	HGDP00544	30
-16.60846	8.401064	HGDP00057	30
5.215271	70.73624	HGDP00931	30
-22.10614	-5.1784644	HGDP00056	30
-25.271667	10.411562	HGDP00562	30
-23.606201	-5.592527	HGDP01396	30
-19.20459	-11.719816	HGDP00341	30
-15.4244995	-32.353603	HGDP00947	30
-20.260132	17.395174	HGDP00723	30
6.4554443	60.327244	HGDP00920	30
-20.251831	10.687929	HGDP00724	30
-28.328918	-33.04739	HGDP00837	30
-17.819397	-17.791716	HGDP00118	30
-32.3515	-41.580288	HGDP01043	30
-9.967651	-52.054806	HGDP00821	30
-8.819031	-53.355312	HGDP01327	30
-9.334778	-45.449184	HGDP01099	30
5.246887	58.08344	HGDP01416	30
-10.333801	-51.577663	HGDP00971	30
-12.7282715	-47.492	HGDP01213	30
-11.3654175	-48.754208	HGDP01290	30
-10.275635	-51.056973	HGDP00974	30
-10.827393	-49.35095	HGDP00786	30
-10.440857	-48.790676	HGDP01287	30
-12.322998	-44.159664	HGDP01292	30
-8.352356	-54.937405	HGDP01334	30
-7.59906	-56.41949	HGDP01321	30
-7.556946	-57.902096	HGDP01311	30
-9.821167	-51.683193	HGDP01104	30
-10.552795	-52.1629	HGDP01187	30
-9.799438	-54.58981	HGDP01185	30
-10.581848	-51.034176	HGDP01247	30
-10.66333	-48.149136	HGDP00766	30
-12.874451	-48.804714	HGDP01233	30
-11.226685	-52.23254	HGDP01207	30
-11.425781	-46.2337	HGDP01291	30
-11.541016	-52.020138	HGDP01183	30
-12.616577	-48.841915	HGDP01232	30
-9.460388	-54.101467	HGDP01102	30
-17.816895	-27.271757	HGDP01303	30
-19.01117	-21.995481	HGDP00099	30
-11.197327	-51.67129	HGDP00790	30
-13.793579	-46.451717	HGDP01209	30
-13.527405	-40.714443	HGDP01212	30
-13.515808	-41.885708	HGDP01241	30
-17.314697	-31.461119	HGDP00961	30
-12.503601	-46.30334	HGDP01227	30
-19.174133	-4.4108863	HGDP00047	30
-20.7099	-5.7839637	HGDP00031	30
-21.816101	-4.3424354	HGDP00066	30
-6.133789	30.321474	HGDP00013	30
-21.416016	-8.04431	HGDP00052	30
-22.333252	-6.7189	HGDP00277	30
-23.768188	-6.7389503	HGDP00290	30
-20.945251	-10.918058	HGDP00330	30
-25.298218	-0.96987695	HGDP00536	30
-21.527649	-6.6866736	HGDP00205	30
-21.781433	-11.434294	HGDP00402	30
-20.473022	-5.2586646	HGDP00080	30
-21.03601	-5.016538	HGDP00096	30
-21.410461	-8.674162	HGDP00298	30
-16.178223	12.183413	HGDP00150	30
-26.329163	2.6574118	HGDP00512	30
-25.429382	-3.7841775	HGDP00880	30
-28.708069	4.0469384	HGDP01363	30
-17.43158	-0.056211196	HGDP00177	30
-27.974121	-0.08389064	HGDP00535	30
-25.95514	-1.1988199	HGDP00882	30
-25.800598	-1.2186563	HGDP00538	30
-20.815613	1.1869528	HGDP00155	30
-22.798584	-3.1256998	HGDP01398	30
-21.990295	-5.618528	HGDP00131	30
-24.642944	-3.6448038	HGDP01382	30
-25.361084	-1.0453165	HGDP01397	30
-23.923767	-4.0962195	HGDP01403	30
-25.401245	1.0140402	HGDP00517	30
-27.250793	-1.2325113	HGDP00799	30
-24.075012	-6.402982	HGDP00885	30
-25.802246	0.06900243	HGDP01157	30
-27.16272	5.189791	HGDP01073	30
-24.977173	-0.094266616	HGDP01399	30
-28.66095	1.6869528	HGDP00797	30
-27.505493	-0.832853	HGDP00808	30
-23.950562	-4.801267	HGDP01387	30
-26.626099	-1.589628	HGDP00534	30
-24.055298	10.924929	HGDP00649	30
-19.185364	11.409212	HGDP00691	30
-26.844788	0.93255836	HGDP01173	30
-27.263977	4.5209985	HGDP01068	30
-26.96045	-38.91473	HGDP00870	30
-24.451721	5.582583	HGDP00604	30
-28.08966	0.96451026	HGDP00802	30
-24.842468	0.5171531	HGDP01149	30
-18.748596	-25.504179	HGDP00120	30
-13.962219	14.130007	HGDP00175	30
-22.022156	-9.042387	HGDP00333	30
-25.253174	-1.0104654	HGDP01155	30
-28.10199	2.0461142	HGDP00667	30
-27.453247	-36.78158	HGDP00863	30
-25.088196	1.9130576	HGDP00588	30
2.7291868	63.20081	HGDP00912	30
-24.03424	3.4843466	HGDP00595	30
-18.480286	27.755648	HGDP01269	30
-26.709595	6.9090295	HGDP00571	30
-30.24237	-40.284237	HGDP00708	30
-25.508972	5.4245324	HGDP00577	30
-20.006348	10.894167	HGDP00614	30
-12.096313	-45.73022	HGDP01217	30
-12.49292	-47.766537	HGDP00759	30
-21.355347	-12.694548	HGDP00230	30
-23.237244	8.1538105	HGDP00628	30
-20.553528	19.984499	HGDP00624	30
-20.14856	11.635988	HGDP00647	30
-20.013306	-7.8442054	HGDP00197	30
-22.036438	11.489687	HGDP00625	30
-28.248962	4.155123	HGDP01373	30
-18.409668	14.219484	HGDP00738	30
-16.138916	19.169924	HGDP00619	30
-20.161255	17.660769	HGDP00637	30
-22.73059	15.14081	HGDP00677	30
-11.92981	-50.616726	HGDP00748	30
-21.191345	-7.266416	HGDP00171	30
-20.544922	-5.7634864	HGDP00041	30
-28.975159	4.9850183	HGDP00666	30
-19.155945	-10.103361	HGDP00237	30
-26.403687	0.08673314	HGDP00806	30
-25.394592	2.7753317	HGDP01177	30
-16.104431	-30.816221	HGDP01302	30
-41.38617	-48.57928	HGDP01019	30
-39.21924	-44.72906	HGDP01014	30
-19.823181	8.626223	HGDP00644	30
-20.513428	10.90259	HGDP00645	30
-12.457764	-42.781033	HGDP01208	30
-22.033875	-10.770811	HGDP00302	30
-24.172668	5.2273583	HGDP00740	30
-16.854492	23.946413	HGDP00627	30
-3.032593	-23.479704	HGDP00542	30
-24.264526	2.2735617	HGDP00559	30
-18.658203	-23.047667	HGDP01301	30
-24.473328	12.23044	HGDP00642	30
-20.887146	-7.8330054	HGDP00187	30
-21.602295	-8.348936	HGDP00274	30
-31.98468	-43.19882	HGDP01057	30
-22.75122	9.04706	HGDP00689	30
-23.109802	-5.4974036	HGDP00222	30
-22.174194	-3.826597	HGDP00007	30
-29.00769	-42.128933	HGDP00865	30
-18.432678	16.796785	HGDP01266	30
5.1018677	68.4079	HGDP00927	30
-22.394775	13.097109	HGDP00616	30
-8.524414	-54.129177	HGDP01338	30
-8.338623	-54.99777	HGDP01333	30
-20.26715	-5.1379066	HGDP00027	30
-24.05951	-4.45239	HGDP01402	30
-21.88855	-8.2411175	HGDP00232	30
-9.292236	-54.634182	HGDP00785	30
-26.840637	-3.185209	HGDP00903	30
-28.17041	1.9160178	HGDP01364	30
-35.832214	-47.019955	HGDP01044	30
-8.205933	-52.20077	HGDP01320	30
-19.765808	-6.422788	HGDP00195	30
2.0410764	69.27774	HGDP01199	30
-17.220459	-2.3223245	HGDP00157	30
-22.062378	-8.217588	HGDP00286	30
-9.786011	-52.11218	HGDP01095	30
-25.507202	-1.2070596	HGDP01168	30
-26.153648	-1.5317514	HGDP00530	30
-14.076668	-43.759747	HGDP01211	30
34.589428	59.849148	HGDP00479	40
5.428601	59.859737	HGDP01411	40
28.393688	58.412197	HGDP00470	40
28.089611	61.69769	HGDP00458	40
-0.034167953	67.184875	HGDP00942	40
7.7445188	64.055176	HGDP01031	40
-2.1456792	70.32144	HGDP00908	40
32.972057	54.901394	HGDP00986	40
1.8765986	69.69589	HGDP00941	40
0.19898635	65.97925	HGDP00934	40
4.3466306	59.74725	HGDP01412	40
-0.7347905	65.77811	HGDP00918	40
4.210095	-24.590242	HGDP00655	40
-6.270557	-46.551395	HGDP00715	40
6.345654	-28.17325	HGDP00788	40
6.2717404	-25.28464	HGDP00541	40
-29.238941	-22.347963	HGDP00703	40
-17.394947	-8.145297	HGDP00163	40
3.4162714	-28.795412	HGDP00544	40
-15.447742	9.7784395	HGDP00057	40
1.1253779	70.945984	HGDP00931	40
-20.774769	-4.1192656	HGDP00056	40
-23.777699	15.385739	HGDP00562	40
-23.91814	-3.4387236	HGDP01396	40
-17.931263	-11.601321	HGDP00341	40
-13.754993	-32.708286	HGDP00947	40
-18.513294	20.544828	HGDP00723	40
3.5494502	62.517086	HGDP00920	40
-19.22588	13.534604	HGDP00724	40
-35.642323	-39.38489	HGDP00837	40
-17.3568	-16.008821	HGDP00118	40
-41.283985	-48.91831	HGDP01043	40
-7.9451785	-52.616245	HGDP00821	40
-6.532642	-53.699986	HGDP01327	40
-7.7448	-45.863987	HGDP01099	40
4.2854123	57.60104	HGDP01416	40
-8.418385	-51.414646	HGDP00971	40
-11.663929	-47.340397	HGDP01213	40
-9.53722	-48.871006	HGDP01290	40
-8.176563	-51.519413	HGDP00974	40
-8.908802	-49.546238	HGDP00786	40
-8.72295	-48.690464	HGDP01287	40
-10.716602	-44.138157	HGDP01292	40
-6.2368655	-55.148624	HGDP01334	40
-6.411121	-56.535496	HGDP01321	40
-5.3587527	-58.399967	HGDP01311	40
-8.067982	-52.322544	HGDP01104	40
-8.822926	-52.726902	HGDP01187	40
-8.22356	-54.58045	HGDP01185	40
-8.719044	-50.94205	HGDP01247	40
-8.711536	-48.37125	HGDP00766	40
-11.082752	-49.178593	HGDP01233	40
-10.089344	-52.948277	HGDP01207	40
-10.01189	-46.124638	HGDP01291	40
-9.76189	-51.951237	HGDP01183	40
-10.697254	-48.573795	HGDP01232	40
-7.308887	-53.310947	HGDP01102	40
-17.688526	-25.492556	HGDP01303	40
-18.443775	-21.328646	HGDP00099	40
-9.026234	-51.78583	HGDP00790	40
-12.263111	-46.653812	HGDP01209	40
-12.72826	-41.001377	HGDP01212	40
-11.923695	-41.584385	HGDP01241	40
-16.537525	-30.78763	HGDP00961	40
-11.146961	-46.42441	HGDP01227	40
-17.788319	-3.5864592	HGDP00047	40
-18.840992	-5.6792936	HGDP00031	40
-20.240955	-3.6107817	HGDP00066	40
-5.4975467	30.273039	HGDP00013	40
-19.888538	-7.008609	HGDP00052	40
-21.36388	-8.782474	HGDP00277	40
-21.913929	-6.9078093	HGDP00290	40
-19.762806	-10.921451	HGDP00330	40
-26.39037	2.0808992	HGDP00536	40
-19.80132	-6.166171	HGDP00205	40
-20.675343	-9.751803	HGDP00402	40
-18.114552	-5.5101957	HGDP00080	40
-19.461658	-4.574588	HGDP00096	40
-20.162952	-8.270114	HGDP00298	40
-15.188404	12.318875	HGDP00150	40
-27.591724	5.82327	HGDP00512	40
-26.965137	-0.747012	HGDP00880	40
-31.810108	7.7095003	HGDP01363	40
-15.370533	0.833707	HGDP00177	40
-29.1787	3.5715303	HGDP00535	40
-27.716724	1.2051975	HGDP00882	40
-27.107594	1.8348056	HGDP00538	40
-18.860523	0.98730195	HGDP00155	40
-22.489979	-1.0394009	HGDP01398	40
-20.164112	-4.829837	HGDP00131	40
-24.61156	-0.34402743	HGDP01382	40
-25.20647	1.5841647	HGDP01397	40
-23.577991	-2.0672941	HGDP01403	40
-26.491322	3.791379	HGDP00517	40
-29.238697	2.0805635	HGDP00799	40
-25.802967	-3.7810392	HGDP00885	40
-26.810108	3.9649324	HGDP01157	40
-28.844288	8.230588	HGDP01073	40
-25.026356	2.7842379	HGDP01399	40
-31.475574	5.001157	HGDP00797	40
-29.913563	3.5349092	HGDP00808	40
-23.733082	-2.094943	HGDP01387	40
-28.061146	0.98989594	HGDP00534	40
-21.915821	17.395903	HGDP00649	40
-17.562794	15.71362	HGDP00691	40
-28.044056	4.317319	HGDP01173	40
-28.875965	8.102933	HGDP01068	40
-33.83617	-45.177616	HGDP00870	40
-22.010792	10.359311	HGDP00604	40
-30.54778	4.0734835	HGDP00802	40
-25.84148	3.6401033	HGDP01149	40
-17.952076	-25.37021	HGDP00120	40
-12.615833	13.636289	HGDP00175	40
-20.60088	-9.524142	HGDP00333	40
-26.186451	1.9973727	HGDP01155	40
-30.56255	6.0443087	HGDP00667	40
-35.176746	-42.429813	HGDP00863	40
-24.058582	6.2944613	HGDP00588	40
-0.1953618	66.458984	HGDP00912	40
-22.75835	7.1069613	HGDP00595	40
-19.70354	31.386442	HGDP01269	40
-25.251942	11.793363	HGDP00571	40
-38.7777	-48.548466	HGDP00708	40
-24.13744	10.112088	HGDP00577	40
-18.793873	14.701779	HGDP00614	40
-10.659718	-46.163486	HGDP01217	40
-10.65691	-46.945988	HGDP00759	40
-19.64159	-11.360751	HGDP00230	40
-21.80138	11.4215975	HGDP00628	40
-19.253101	25.251188	HGDP00624	40
-19.783741	14.980069	HGDP00647	40
-18.8485	-6.5313444	HGDP00197	40
-21.04253	14.600644	HGDP00625	40
-31.24834	8.297421	HGDP01373	40
-17.44994	17.571623	HGDP00738	40
-15.378529	20.933195	HGDP00619	40
-19.404408	21.287718	HGDP00637	40
-21.691883	16.859861	HGDP00677	40
-10.000904	-51.051823	HGDP00748	40
-19.340992	-6.0501127	HGDP00171	40
-19.201954	-4.892459	HGDP00041	40
-30.94701	8.655911	HGDP00666	40
-17.93108	-9.41315	HGDP00237	40
-28.743153	3.9832735	HGDP00806	40
-26.600513	5.537717	HGDP01177	40
-15.486683	-30.33124	HGDP01302	40
-53.56957	-62.548344	HGDP01019	40
-49.91802	-52.9791	HGDP01014	40
-19.20171	11.585629	HGDP00644	40
-20.07262	14.434171	HGDP00645	40
-11.27367	-42.87418	HGDP01208	40
-19.9511	-10.945956	HGDP00302	40
-22.960987	8.405423	HGDP00740	40
-16.01128	27.37988	HGDP00627	40
7.012036	-26.940493	HGDP00542	40
-23.094288	6.4631624	HGDP00559	40
-18.142933	-21.43384	HGDP01301	40
-23.033314	14.372037	HGDP00642	40
-19.300465	-6.8611784	HGDP00187	40
-19.950245	-7.99335	HGDP00274	40
-40.983143	-51.08753	HGDP01057	40
-21.951405	11.501584	HGDP00689	40
-21.689991	-5.0500517	HGDP00222	40
-20.181019	-3.266635	HGDP00007	40
-37.26006	-49.11054	HGDP00865	40
-18.232716	21.755705	HGDP01266	40
1.0089228	69.90378	HGDP00927	40
-21.803333	19.42755	HGDP00616	40
-7.6377444	-53.92725	HGDP01338	40
-7.06261	-55.33347	HGDP01333	40
-19.179493	-4.235629	HGDP00027	40
-23.816883	-1.8975552	HGDP01402	40
-20.928272	-7.0601225	HGDP00232	40
-6.857593	-54.33344	HGDP00785	40
-28.352528	-0.6346463	HGDP00903	40
-30.1151	5.973874	HGDP01364	40
-45.25304	-53.494907	HGDP01044	40
-6.6724734	-51.71332	HGDP01320	40
-18.303394	-6.1892424	HGDP00195	40
-1.937	70.99661	HGDP01199	40
-15.36034	-1.0043057	HGDP00157	40
-20.919483	-8.843478	HGDP00286	40
-7.756641	-53.046146	HGDP01095	40
-26.424488	2.1879244	HGDP01168	40
-27.481575	1.6281596	HGDP00530	40
-13.105671	-44.070656	HGDP01211	40
44.886463	64.937744	HGDP00479	50
12.1599	66.65518	HGDP01411	50
39.027332	64.97586	HGDP00470	50
40.053577	68.44498	HGDP00458	50
11.052722	85.01877	HGDP00942	50
17.041552	75.29172	HGDP01031	50
3.9689817	83.949585	HGDP00908	50
43.262012	59.688686	HGDP00986	50
12.273791	84.17178	HGDP00941	50
7.8890257	75.76437	HGDP00934	50
11.392993	64.27539	HGDP01412	50
5.236377	78.26587	HGDP00918	50
11.989306	-34.61179	HGDP00655	50
-4.297803	-52.52149	HGDP00715	50
15.409472	-39.030186	HGDP00788	50
14.758594	-33.60828	HGDP00541	50
-34.668285	-23.164248	HGDP00703	50
-17.456861	-9.6312275	HGDP00163	50
10.762012	-36.040684	HGDP00544	50
-15.242261	8.725798	HGDP00057	50
10.871631	81.28259	HGDP00931	50
-21.459791	-5.666598	HGDP00056	50
-25.393568	13.360502	HGDP00562	50
-26.448011	-5.1017785	HGDP01396	50
-18.15962	-13.17795	HGDP00341	50
-13.426099	-34.939396	HGDP00947	50
-18.622572	18.690306	HGDP00723	50
10.018847	69.980835	HGDP00920	50
-20.366896	12.265776	HGDP00724	50
-43.849926	-39.848545	HGDP00837	50
-18.003187	-17.69568	HGDP00118	50
-50.725475	-50.244358	HGDP01043	50
-5.942151	-58.093266	HGDP00821	50
-5.0034914	-59.34519	HGDP01327	50
-5.997205	-50.845646	HGDP01099	50
11.121203	63.878536	HGDP01416	50
-6.6793947	-57.42139	HGDP00971	50
-10.2345705	-51.58466	HGDP01213	50
-7.8616457	-54.25397	HGDP01290	50
-6.248975	-57.551884	HGDP00974	50
-7.2504396	-54.80112	HGDP00786	50
-6.9149294	-54.343723	HGDP01287	50
-9.200452	-49.004795	HGDP01292	50
-3.974988	-60.548466	HGDP01334	50
-4.151746	-62.25281	HGDP01321	50
-2.7411623	-63.940372	HGDP01311	50
-6.079419	-57.626347	HGDP01104	50
-6.419568	-58.019047	HGDP01187	50
-6.298291	-59.893925	HGDP01185	50
-7.557019	-56.03977	HGDP01247	50
-7.2536745	-53.85129	HGDP00766	50
-10.145215	-53.182682	HGDP01233	50
-8.477735	-59.97974	HGDP01207	50
-8.604016	-51.249912	HGDP01291	50
-8.35658	-57.310337	HGDP01183	50
-9.436475	-53.28342	HGDP01232	50
-5.197583	-58.89664	HGDP01102	50
-18.320387	-29.147432	HGDP01303	50
-19.176405	-24.215364	HGDP00099	50
-7.0609255	-57.97333	HGDP00790	50
-11.517896	-50.060886	HGDP01209	50
-11.531812	-44.926487	HGDP01212	50
-11.160901	-46.137363	HGDP01241	50
-17.10945	-33.953037	HGDP00961	50
-10.462537	-51.41663	HGDP01227	50
-17.876966	-5.571963	HGDP00047	50
-18.958754	-6.7599206	HGDP00031	50
-21.200941	-4.767733	HGDP00066	50
-2.6580324	31.752836	HGDP00013	50
-20.37776	-8.364748	HGDP00052	50
-22.681044	-11.097841	HGDP00277	50
-23.215528	-8.214235	HGDP00290	50
-21.266188	-11.1087055	HGDP00330	50
-29.841688	0.7879005	HGDP00536	50
-21.092665	-7.804293	HGDP00205	50
-21.326185	-11.051729	HGDP00402	50
-18.216993	-6.480349	HGDP00080	50
-20.574781	-7.045748	HGDP00096	50
-21.257277	-8.609652	HGDP00298	50
-15.409009	11.778166	HGDP00150	50
-31.596388	5.314939	HGDP00512	50
-31.136427	-2.7237573	HGDP00880	50
-37.519665	6.088041	HGDP01363	50
-14.35603	-1.1131616	HGDP00177	50
-33.302868	2.810453	HGDP00535	50
-32.304577	0.43505627	HGDP00882	50
-30.989882	0.26455456	HGDP00538	50
-19.484327	1.2518592	HGDP00155	50
-24.544691	-2.2938256	HGDP01398	50
-20.799574	-6.259341	HGDP00131	50
-27.343641	-2.052401	HGDP01382	50
-27.740309	0.21853404	HGDP01397	50
-26.154799	-4.0660424	HGDP01403	50
-30.131666	2.2821326	HGDP00517	50
-34.11189	0.48187023	HGDP00799	50
-29.566298	-5.8141503	HGDP00885	50
-30.681715	2.0284095	HGDP01157	50
-33.29774	7.51135	HGDP01073	50
-27.784437	1.0753455	HGDP01399	50
-36.769054	4.190946	HGDP00797	50
-34.86616	1.5288062	HGDP00808	50
-26.11592	-3.820498	HGDP01387	50
-32.157116	-0.14874502	HGDP00534	50
-23.745253	15.022062	HGDP00649	50
-18.971937	13.811186	HGDP00691	50
-31.984388	3.086515	HGDP01173	50
-33.39375	6.587095	HGDP01068	50
-41.09901	-46.468784	HGDP00870	50
-22.991957	7.0164466	HGDP00604	50
-35.1869	2.3786902	HGDP00802	50
-29.23982	2.149198	HGDP01149	50
-18.106153	-28.036776	HGDP00120	50
-11.058972	13.449461	HGDP00175	50
-21.952284	-9.591524	HGDP00333	50
-29.816298	0.6816078	HGDP01155	50
-35.036877	5.0258765	HGDP00667	50
-42.768322	-42.66541	HGDP00863	50
-26.065077	4.8595862	HGDP00588	50
7.9736204	82.98218	HGDP00912	50
-24.164503	5.1587195	HGDP00595	50
-21.408644	34.40402	HGDP01269	50
-27.20857	9.000395	HGDP00571	50
-47.42573	-52.013676	HGDP00708	50
-26.292372	7.572904	HGDP00577	50
-18.431105	13.186155	HGDP00614	50
-9.702771	-50.24741	HGDP01217	50
-8.942945	-52.338688	HGDP00759	50
-21.461195	-12.463228	HGDP00230	50
-23.079542	9.234068	HGDP00628	50
-20.341383	24.233488	HGDP00624	50
-20.474623	13.555357	HGDP00647	50
-19.75398	-9.392611	HGDP00197	50
-22.067335	14.282408	HGDP00625	50
-36.956127	6.575376	HGDP01373	50
-17.783949	16.593657	HGDP00738	50
-14.773999	20.050962	HGDP00619	50
-20.314161	20.16052	HGDP00637	50
-21.905226	14.285582	HGDP00677	50
-8.346692	-56.3082	HGDP00748	50
-20.190504	-8.451265	HGDP00171	50
-19.750319	-6.2992883	HGDP00041	50
-35.78834	7.9230933	HGDP00666	50
-18.69258	-10.831545	HGDP00237	50
-33.347546	2.1173072	HGDP00806	50
-30.224989	3.85922	HGDP01177	50
-15.425611	-33.017002	HGDP01302	50
-67.05592	-65.789215	HGDP01019	50
-61.431957	-59.531925	HGDP01014	50
-20.62599	10.81848	HGDP00644	50
-20.612257	13.957029	HGDP00645	50
-10.06709	-46.85001	HGDP01208	50
-20.918898	-10.390566	HGDP00302	50
-24.456678	6.117826	HGDP00740	50
-15.687207	27.0343	HGDP00627	50
17.007982	-36.092228	HGDP00542	50
-24.90425	4.493467	HGDP00559	50
-18.67439	-24.226381	HGDP01301	50
-23.214857	12.993834	HGDP00642	50
-20.009169	-8.767611	HGDP00187	50
-21.505629	-8.538088	HGDP00274	50
-50.53596	-50.79694	HGDP01057	50
-22.74397	9.280668	HGDP00689	50
-23.120192	-5.8924584	HGDP00222	50
-20.32112	-4.6661706	HGDP00007	50
-45.680553	-48.93253	HGDP00865	50
-20.11366	22.74539	HGDP01266	50
11.391711	84.5358	HGDP00927	50
-24.066847	17.416655	HGDP00616	50
-5.027234	-59.01627	HGDP01338	50
-5.1654177	-60.870853	HGDP01333	50
-19.297255	-4.3032556	HGDP00027	50
-25.592604	-3.0986657	HGDP01402	50
-21.640333	-8.258577	HGDP00232	50
-5.8147707	-60.088108	HGDP00785	50
-32.134655	-1.3375573	HGDP00903	50
-35.0453	4.9532447	HGDP01364	50
-56.247936	-51.977787	HGDP01044	50
-5.141431	-57.47617	HGDP01320	50
-19.101759	-7.8377404	HGDP00195	50
4.6442747	84.378296	HGDP01199	50
-14.725781	-2.5762658	HGDP00157	50
-21.70613	-7.8643517	HGDP00286	50
-5.728711	-58.173374	HGDP01095	50
-29.838758	0.221952	HGDP01168	50
-31.08938	0.9431816	HGDP00530	50
-12.552018	-47.398937	HGDP01211	50
41.41151	58.278847	HGDP00479	60
13.043957	55.729134	HGDP01411	60
36.363903	56.891853	HGDP00470	60
36.332287	59.259865	HGDP00458	60
10.225109	71.22617	HGDP00942	60
16.201	62.455055	HGDP01031	60
3.4581418	71.89985	HGDP00908	60
40.372692	52.33149	HGDP00986	60
11.342052	69.97584	HGDP00941	60
7.4454465	63.520393	HGDP00934	60
11.026257	52.048317	HGDP01412	60
5.036877	66.999886	HGDP00918	60
13.2414055	-28.087393	HGDP00655	60
-1.2521853	-41.699913	HGDP00715	60
16.141857	-32.075706	HGDP00788	60
17.752697	-28.796377	HGDP00541	60
-30.914173	-18.3543	HGDP00703	60
-12.5207405	-4.5378633	HGDP00163	60
13.725903	-30.154959	HGDP00544	60
-11.261463	9.312235	HGDP00057	60
9.760326	67.94254	HGDP00931	60
-16.86089	-1.5475067	HGDP00056	60
-19.98705	13.735727	HGDP00562	60
-22.2141	-1.328421	HGDP01396	60
-13.802113	-8.646566	HGDP00341	60
-10.528553	-24.954428	HGDP00947	60
-13.976612	17.440714	HGDP00723	60
10.544567	59.305885	HGDP00920	60
-15.879627	13.388651	HGDP00724	60
-39.57207	-33.70809	HGDP00837	60
-14.065968	-12.223593	HGDP00118	60
-45.753773	-41.181664	HGDP01043	60
-2.8223758	-45.74813	HGDP00821	60
-1.6266971	-47.080223	HGDP01327	60
-3.150989	-39.00692	HGDP01099	60
11.293285	53.10029	HGDP01416	60
-3.9082522	-44.296776	HGDP00971	60
-8.242237	-38.407005	HGDP01213	60
-5.231006	-41.28756	HGDP01290	60
-3.1951785	-45.273643	HGDP00974	60
-4.366504	-42.485252	HGDP00786	60
-4.4069095	-41.623436	HGDP01287	60
-6.586475	-36.877007	HGDP01292	60
-1.2155643	-47.65438	HGDP01334	60
-1.0787845	-48.834618	HGDP01321	60
0.31623504	-51.237816	HGDP01311	60
-3.2419314	-44.599327	HGDP01104	60
-3.742725	-45.25341	HGDP01187	60
-3.6262088	-46.1661	HGDP01185	60
-4.9523807	-42.40377	HGDP01247	60
-4.9377933	-40.173424	HGDP00766	60
-7.7227664	-39.626335	HGDP01233	60
-6.572986	-44.69497	HGDP01207	60
-6.1294436	-38.713646	HGDP01291	60
-5.562732	-44.037407	HGDP01183	60
-6.784534	-40.333336	HGDP01232	60
-2.248218	-45.796165	HGDP01102	60
-14.625843	-20.690695	HGDP01303	60
-15.493092	-16.437704	HGDP00099	60
-4.8309817	-44.24505	HGDP00790	60
-9.487904	-37.277336	HGDP01209	60
-9.381702	-32.706596	HGDP01212	60
-8.598194	-33.88537	HGDP01241	60
-14.037464	-24.458578	HGDP00961	60
-7.697864	-38.823296	HGDP01227	60
-13.23888	-1.7303375	HGDP00047	60
-14.089649	-2.4870818	HGDP00031	60
-16.433887	-0.4643463	HGDP00066	60
-0.30089143	27.568796	HGDP00013	60
-15.624561	-4.0513215	HGDP00052	60
-18.455372	-6.091147	HGDP00277	60
-19.017262	-4.98342	HGDP00290	60
-16.946522	-7.9229035	HGDP00330	60
-25.86864	3.9958894	HGDP00536	60
-16.323719	-4.104239	HGDP00205	60
-16.769215	-7.0604157	HGDP00402	60
-12.99065	-2.1833098	HGDP00080	60
-15.903004	-3.2619536	HGDP00096	60
-16.916431	-5.4516206	HGDP00298	60
-11.228016	12.037607	HGDP00150	60
-27.952137	7.6574492	HGDP00512	60
-27.468555	1.260202	HGDP00880	60
-34.43175	8.613291	HGDP01363	60
-9.754444	1.2920014	HGDP00177	60
-29.534534	5.3025603	HGDP00535	60
-28.729969	3.2818086	HGDP00882	60
-27.261524	3.784067	HGDP00538	60
-14.637379	3.5385835	HGDP00155	60
-20.063953	1.1781098	HGDP01398	60
-15.961842	-2.2162688	HGDP00131	60
-22.80962	1.340036	HGDP01382	60
-23.092213	3.0944002	HGDP01397	60
-21.657642	-0.1878265	HGDP01403	60
-26.368275	5.0816436	HGDP00517	60
-30.632313	3.4617403	HGDP00799	60
-26.095325	-1.7323517	HGDP00885	60
-26.884327	4.9091277	HGDP01157	60
-29.810719	10.466379	HGDP01073	60
-23.229176	4.18815	HGDP01399	60
-33.253834	6.7086577	HGDP00797	60
-31.253529	4.099405	HGDP00808	60
-21.780811	-0.012106291	HGDP01387	60
-28.48119	3.0404146	HGDP00534	60
-18.65392	16.46644	HGDP00649	60
-14.791798	14.744638	HGDP00691	60
-28.14214	5.7990813	HGDP01173	60
-29.717335	9.583139	HGDP01068	60
-36.462086	-37.704185	HGDP00870	60
-17.556507	9.283548	HGDP00604	60
-31.754932	5.1902556	HGDP00802	60
-25.377491	5.298166	HGDP01149	60
-14.272816	-20.021414	HGDP00120	60
-7.0806155	12.898691	HGDP00175	60
-17.835194	-6.4737763	HGDP00333	60
-25.801258	3.8480318	HGDP01155	60
-31.600391	7.9274993	HGDP00667	60
-37.89861	-34.457573	HGDP00863	60
-20.888966	7.4775786	HGDP00588	60
7.1333127	70.19764	HGDP00912	60
-19.249622	8.075846	HGDP00595	60
-20.032887	36.152657	HGDP01269	60
-21.590382	10.7968235	HGDP00571	60
-42.960255	-42.59472	HGDP00708	60
-20.952564	9.644541	HGDP00577	60
-14.466602	13.380075	HGDP00614	60
-7.729114	-37.181633	HGDP01217	60
-6.5583987	-39.495445	HGDP00759	60
-16.849598	-8.284475	HGDP00230	60
-18.257984	10.561319	HGDP00628	60
-15.946766	24.084177	HGDP00624	60
-16.2813	14.638742	HGDP00647	60
-15.167164	-5.0277925	HGDP00197	60
-17.853077	15.340952	HGDP00625	60
-33.70476	9.072489	HGDP01373	60
-13.883106	16.963236	HGDP00738	60
-11.155628	19.950785	HGDP00619	60
-16.351246	19.981485	HGDP00637	60
-16.972095	14.45466	HGDP00677	60
-6.1866946	-42.659904	HGDP00748	60
-15.36858	-3.8755095	HGDP00171	60
-14.938282	-2.439749	HGDP00041	60
-32.363575	10.54896	HGDP00666	60
-14.262623	-6.4596467	HGDP00237	60
-29.666492	4.9651885	HGDP00806	60
-26.5891	6.8091216	HGDP01177	60
-12.336842	-23.807638	HGDP01302	60
-62.152027	-55.066093	HGDP01019	60
-56.36553	-48.303825	HGDP01014	60
-16.57378	12.162241	HGDP00644	60
-16.667835	14.499613	HGDP00645	60
-7.9263797	-34.56637	HGDP01208	60
-16.363941	-8.098349	HGDP00302	60
-19.132252	7.623178	HGDP00740	60
-11.804859	25.319101	HGDP00627	60
19.977428	-31.840994	HGDP00542	60
-19.74535	7.0147796	HGDP00559	60
-14.789356	-16.745962	HGDP01301	60
-18.958485	13.255106	HGDP00642	60
-15.489246	-4.635489	HGDP00187	60
-17.136097	-5.4687104	HGDP00274	60
-45.125355	-41.570213	HGDP01057	60
-17.76653	10.709177	HGDP00689	60
-18.198841	-2.6559355	HGDP00222	60
-15.183826	-0.84795225	HGDP00007	60
-40.6859	-40.036613	HGDP00865	60
-18.344166	25.598429	HGDP01266	60
9.881847	71.09055	HGDP00927	60
-18.934986	18.035044	HGDP00616	60
-2.321033	-45.19497	HGDP01338	60
-2.2960086	-48.87371	HGDP01333	60
-15.025135	-1.6456817	HGDP00027	60
-21.24889	0.11679996	HGDP01402	60
-17.227772	-4.787558	HGDP00232	60
-2.6477542	-47.727806	HGDP00785	60
-28.540821	1.607431	HGDP00903	60
-31.655201	7.2901397	HGDP01364	60
-50.547962	-43.145927	HGDP01044	60
-1.4301028	-45.467857	HGDP01320	60
-14.595692	-4.1299653	HGDP00195	60
3.7836423	72.20957	HGDP01199	60
-9.889027	1.2059113	HGDP00157	60
-17.532154	-5.651694	HGDP00286	60
-2.8364139	-46.165977	HGDP01095	60
-25.911549	3.3818758	HGDP01168	60
-27.345951	3.6034067	HGDP00530	60
-10.831375	-35.012974	HGDP01211	60
44.424557	62.02072	HGDP00479	70
11.731808	59.573975	HGDP01411	70
37.938046	59.292694	HGDP00470	70
38.296627	62.43332	HGDP00458	70
9.98962	75.60794	HGDP00942	70
16.709652	66.52899	HGDP01031	70
3.3514974	76.41046	HGDP00908	70
40.33935	53.76834	HGDP00986	70
11.680416	73.79227	HGDP00941	70
7.403316	68.12915	HGDP00934	70
12.142757	64.23718	HGDP01412	70
5.6611285	72.50705	HGDP00918	70
11.7244835	-29.054138	HGDP00655	70
-3.548344	-43.339478	HGDP00715	70
14.499691	-32.36847	HGDP00788	70
17.590694	-31.822235	HGDP00541	70
-33.02399	-18.67871	HGDP00703	70
-14.97681	-6.4767466	HGDP00163	70
13.247433	-32.832825	HGDP00544	70
-13.133915	9.344481	HGDP00057	70
10.394711	72.34314	HGDP00931	70
-18.930729	-3.2644355	HGDP00056	70
-20.52576	13.524138	HGDP00562	70
-24.220524	-3.2572334	HGDP01396	70
-15.908939	-10.007386	HGDP00341	70
-12.284611	-27.309326	HGDP00947	70
-14.606205	17.774292	HGDP00723	70
9.67181	63.09915	HGDP00920	70
-16.92316	13.155639	HGDP00724	70
-41.45496	-35.57843	HGDP00837	70
-15.94202	-13.688783	HGDP00118	70
-46.970646	-41.96637	HGDP01043	70
-5.2801557	-46.9617	HGDP00821	70
-4.9605145	-49.041046	HGDP01327	70
-5.072819	-39.775208	HGDP01099	70
9.548092	56.343475	HGDP01416	70
-6.475041	-45.089752	HGDP00971	70
-10.629948	-39.207123	HGDP01213	70
-7.7153363	-41.925262	HGDP01290	70
-5.412968	-46.276245	HGDP00974	70
-6.7105145	-43.721344	HGDP00786	70
-6.5642133	-42.400208	HGDP01287	70
-8.79224	-37.986755	HGDP01292	70
-4.0007367	-48.51239	HGDP01334	70
-4.7419477	-51.294006	HGDP01321	70
-2.6030314	-52.70465	HGDP01311	70
-5.6340985	-45.65393	HGDP01104	70
-6.25684	-46.2576	HGDP01187	70
-6.5802045	-47.442047	HGDP01185	70
-7.9691815	-43.91989	HGDP01247	70
-7.437382	-40.423187	HGDP00766	70
-10.462284	-41.400513	HGDP01233	70
-9.389652	-45.334473	HGDP01207	70
-8.464054	-39.469025	HGDP01291	70
-8.224247	-45.171906	HGDP01183	70
-9.247013	-41.31546	HGDP01232	70
-4.909306	-46.636932	HGDP01102	70
-17.290348	-22.290985	HGDP01303	70
-17.427921	-17.62912	HGDP00099	70
-7.5664105	-44.64337	HGDP00790	70
-11.787601	-38.056946	HGDP01209	70
-11.530399	-33.527435	HGDP01212	70
-10.816288	-34.67337	HGDP01241	70
-16.064945	-26.072449	HGDP00961	70
-10.010929	-39.858093	HGDP01227	70
-15.409489	-3.5437934	HGDP00047	70
-15.984684	-3.9313056	HGDP00031	70
-18.570988	-2.2680671	HGDP00066	70
-2.6519206	28.554169	HGDP00013	70
-17.7179	-5.595643	HGDP00052	70
-21.024113	-7.7506113	HGDP00277	70
-21.15894	-7.1657724	HGDP00290	70
-19.151432	-9.861848	HGDP00330	70
-27.942692	2.3098443	HGDP00536	70
-18.35883	-5.800477	HGDP00205	70
-18.897465	-7.9006357	HGDP00402	70
-15.203922	-4.6602488	HGDP00080	70
-17.859135	-4.643861	HGDP00096	70
-18.924625	-7.027894	HGDP00298	70
-13.206181	11.706664	HGDP00150	70
-30.25092	6.0265493	HGDP00512	70
-29.925419	-0.8028877	HGDP00880	70
-37.057438	6.969939	HGDP01363	70
-12.666996	-0.9711616	HGDP00177	70
-31.755985	4.2260427	HGDP00535	70
-30.967167	1.6533806	HGDP00882	70
-29.536442	1.9669182	HGDP00538	70
-16.68317	1.8053277	HGDP00155	70
-21.838444	-0.17083813	HGDP01398	70
-18.080997	-4.005555	HGDP00131	70
-24.532108	-0.20999219	HGDP01382	70
-25.038883	0.9809258	HGDP01397	70
-23.647587	-1.8587348	HGDP01403	70
-28.497562	3.6261895	HGDP00517	70
-33.020756	1.5483086	HGDP00799	70
-28.664799	-3.977906	HGDP00885	70
-28.995121	3.5974724	HGDP01157	70
-32.056156	9.121642	HGDP01073	70
-24.924809	2.5926507	HGDP01399	70
-35.854923	4.3821707	HGDP00797	70
-33.731388	1.7464287	HGDP00808	70
-23.577457	-1.4561164	HGDP01387	70
-30.730228	1.3236077	HGDP00534	70
-19.24744	16.655304	HGDP00649	70
-16.34119	14.874419	HGDP00691	70
-30.199284	4.525481	HGDP01173	70
-31.925358	8.60501	HGDP01068	70
-38.02918	-38.944458	HGDP00870	70
-18.541386	9.341704	HGDP00604	70
-34.31464	3.2013848	HGDP00802	70
-27.515263	4.1263113	HGDP01149	70
-16.341373	-21.018494	HGDP00120	70
-10.2824745	11.71292	HGDP00175	70
-20.165104	-7.96103	HGDP00333	70
-27.772282	2.248809	HGDP01155	70
-33.96973	6.461089	HGDP00667	70
-39.15424	-35.651154	HGDP00863	70
-21.830204	6.4985037	HGDP00588	70
7.069698	74.91022	HGDP00912	70
-20.661747	6.664153	HGDP00595	70
-23.62836	38.447205	HGDP01269	70
-22.404789	8.743041	HGDP00571	70
-44.837894	-43.152832	HGDP00708	70
-21.409855	9.179107	HGDP00577	70
-15.237003	15.300384	HGDP00614	70
-9.864384	-38.03128	HGDP01217	70
-8.989628	-39.613434	HGDP00759	70
-18.885014	-9.986299	HGDP00230	70
-19.035221	10.456847	HGDP00628	70
-16.964909	24.302216	HGDP00624	70
-17.733524	14.333556	HGDP00647	70
-17.03107	-6.378846	HGDP00197	70
-19.312687	14.861602	HGDP00625	70
-36.12012	7.6281424	HGDP01373	70
-15.332523	16.7695	HGDP00738	70
-12.1157875	21.362091	HGDP00619	70
-17.622013	20.20337	HGDP00637	70
-18.075504	13.944152	HGDP00677	70
-8.742558	-42.76596	HGDP00748	70
-17.520756	-5.0937815	HGDP00171	70
-16.79169	-4.10077	HGDP00041	70
-34.63019	9.801177	HGDP00666	70
-16.468266	-8.118562	HGDP00237	70
-32.111637	2.7578728	HGDP00806	70
-28.752811	5.5048513	HGDP01177	70
-14.412296	-25.677979	HGDP01302	70
-64.26728	-56.89099	HGDP01019	70
-58.285892	-49.485596	HGDP01014	70
-18.288578	11.012664	HGDP00644	70
-18.169315	14.281981	HGDP00645	70
-10.247807	-35.840576	HGDP01208	70
-18.5481	-10.247682	HGDP00302	70
-20.004276	6.928527	HGDP00740	70
-12.998051	26.452484	HGDP00627	70
20.171871	-33.939575	HGDP00542	70
-20.837101	6.151824	HGDP00559	70
-16.989445	-18.426666	HGDP01301	70
-19.946842	13.02777	HGDP00642	70
-17.598087	-5.911195	HGDP00187	70
-19.307194	-7.2392282	HGDP00274	70
-45.940556	-42.481842	HGDP01057	70
-19.008	10.178679	HGDP00689	70
-19.948673	-4.1922007	HGDP00222	70
-17.128422	-2.5675666	HGDP00007	70
-42.166935	-42.559875	HGDP00865	70
-21.740665	26.613739	HGDP01266	70
9.978268	74.85153	HGDP00927	70
-19.325382	18.902618	HGDP00616	70
-5.4068646	-46.952484	HGDP01338	70
-5.048039	-50.141693	HGDP01333	70
-16.744877	-2.9045112	HGDP00027	70
-22.919071	-1.7345893	HGDP01402	70
-18.974918	-6.243348	HGDP00232	70
-5.3681684	-49.26773	HGDP00785	70
-30.6012	-0.4740303	HGDP00903	70
-34.0221	5.384124	HGDP01364	70
-50.78687	-44.044617	HGDP01044	70
-4.705876	-48.528717	HGDP01320	70
-16.882023	-5.8823557	HGDP00195	70
3.5750082	77.48169	HGDP01199	70
-11.436405	-1.3642585	HGDP00157	70
-19.576237	-7.2471933	HGDP00286	70
-5.379826	-47.386536	HGDP01095	70
-27.88477	2.0056756	HGDP01168	70
-29.298615	1.9206421	HGDP00530	70
-13.01017	-36.445595	HGDP01211	70
41.54214	57.083187	HGDP00479	80
9.875209	52.560696	HGDP01411	80
34.988003	54.572598	HGDP00470	80
35.453884	56.681667	HGDP00458	80
8.579188	69.4046	HGDP00942	80
14.498195	59.76855	HGDP01031	80
0.8891246	71.16785	HGDP00908	80
37.261196	49.219418	HGDP00986	80
10.146937	67.2583	HGDP00941	80
5.527491	61.331875	HGDP00934	80
9.795619	52.12356	HGDP01412	80
3.2396495	66.63046	HGDP00918	80
10.873378	-27.974031	HGDP00655	80
-1.8567251	-41.47925	HGDP00715	80
13.466884	-31.620485	HGDP00788	80
18.370691	-31.237062	HGDP00541	80
-32.629795	-18.658144	HGDP00703	80
-13.893529	-5.37662	HGDP00163	80
13.922023	-31.961031	HGDP00544	80
-12.769872	8.206693	HGDP00057	80
8.353053	65.3649	HGDP00931	80
-18.286963	-2.6465478	HGDP00056	80
-19.990698	12.368405	HGDP00562	80
-23.765783	-2.6358361	HGDP01396	80
-15.25681	-9.432895	HGDP00341	80
-12.263768	-24.794039	HGDP00947	80
-14.665502	15.904508	HGDP00723	80
8.06924	56.72018	HGDP00920	80
-16.83811	12.258695	HGDP00724	80
-41.014805	-35.25623	HGDP00837	80
-15.471593	-12.73038	HGDP00118	80
-46.105015	-40.243748	HGDP01043	80
-4.1683097	-44.88486	HGDP00821	80
-3.2880604	-46.679173	HGDP01327	80
-4.2760367	-37.860844	HGDP01099	80
8.529506	49.977108	HGDP01416	80
-5.4681754	-42.94367	HGDP00971	80
-10.341344	-36.82761	HGDP01213	80
-6.831884	-39.82932	HGDP01290	80
-4.2741446	-44.29154	HGDP00974	80
-5.7010856	-41.587376	HGDP00786	80
-5.842565	-40.223667	HGDP01287	80
-8.132787	-35.770023	HGDP01292	80
-2.8746693	-46.13776	HGDP01334	80
-2.9754994	-48.600773	HGDP01321	80
-1.096044	-50.154057	HGDP01311	80
-4.7961173	-43.400333	HGDP01104	80
-5.207067	-43.978672	HGDP01187	80
-5.5778556	-44.674656	HGDP01185	80
-7.1174674	-41.150394	HGDP01247	80
-7.0026603	-38.2952	HGDP00766	80
-9.9517565	-38.516605	HGDP01233	80
-8.926	-42.491642	HGDP01207	80
-7.7042594	-37.40064	HGDP01291	80
-7.2846427	-42.669315	HGDP01183	80
-8.554479	-39.070774	HGDP01232	80
-3.92777	-44.47446	HGDP01102	80
-16.692236	-20.858553	HGDP01303	80
-17.195837	-16.29767	HGDP00099	80
-6.875829	-42.327152	HGDP00790	80
-11.58817	-35.83295	HGDP01209	80
-11.328282	-31.543612	HGDP01212	80
-10.501256	-32.504307	HGDP01241	80
-16.144629	-24.207125	HGDP00961	80
-9.409337	-37.700413	HGDP01227	80
-14.53037	-2.841372	HGDP00047	80
-15.20725	-3.2794518	HGDP00031	80
-17.722021	-1.1940942	HGDP00066	80
-2.2464345	25.82971	HGDP00013	80
-16.98429	-4.8591027	HGDP00052	80
-20.556433	-6.7353234	HGDP00277	80
-20.763525	-6.309481	HGDP00290	80
-18.726294	-9.09772	HGDP00330	80
-27.618628	2.4481483	HGDP00536	80
-17.465734	-5.0952783	HGDP00205	80
-18.22672	-7.9695153	HGDP00402	80
-14.251683	-3.4739099	HGDP00080	80
-17.145483	-4.2586083	HGDP00096	80
-18.489965	-6.5797143	HGDP00298	80
-12.5681505	10.55618	HGDP00150	80
-29.833899	6.268369	HGDP00512	80
-29.693945	-0.3011804	HGDP00880	80
-36.841038	6.8099647	HGDP01363	80
-11.124486	0.072659954	HGDP00177	80
-31.465796	3.9663062	HGDP00535	80
-30.935705	1.7000709	HGDP00882	80
-29.202368	2.3397193	HGDP00538	80
-15.928075	2.206388	HGDP00155	80
-21.291357	0.019315226	HGDP01398	80
-17.232946	-3.2349267	HGDP00131	80
-24.061316	0.078061566	HGDP01382	80
-24.459936	1.5427833	HGDP01397	80
-23.078222	-1.3517175	HGDP01403	80
-28.130774	3.6498694	HGDP00517	80
-32.722324	1.5971045	HGDP00799	80
-28.458776	-3.390017	HGDP00885	80
-28.596899	3.5554786	HGDP01157	80
-31.779882	9.417508	HGDP01073	80
-24.461157	2.8531165	HGDP01399	80
-35.550816	4.3908973	HGDP00797	80
-33.501377	1.7738318	HGDP00808	80
-23.12937	-1.2035546	HGDP01387	80
-30.417334	1.4399085	HGDP00534	80
-19.20371	15.086301	HGDP00649	80
-15.745519	14.412564	HGDP00691	80
-29.91361	4.265165	HGDP01173	80
-31.630346	8.564145	HGDP01068	80
-37.394016	-37.670322	HGDP00870	80
-17.922705	8.24307	HGDP00604	80
-34.15476	3.3177161	HGDP00802	80
-27.108862	4.0929847	HGDP01149	80
-15.90244	-19.746645	HGDP00120	80
-8.862218	11.907834	HGDP00175	80
-19.736914	-7.689852	HGDP00333	80
-27.396093	2.2477698	HGDP01155	80
-33.77445	6.822141	HGDP00667	80
-38.633396	-34.504795	HGDP00863	80
-21.065039	6.2564673	HGDP00588	80
5.1846566	69.40369	HGDP00912	80
-20.043371	6.6627784	HGDP00595	80
-23.327429	37.91244	HGDP01269	80
-21.562475	8.725492	HGDP00571	80
-44.334995	-42.331577	HGDP00708	80
-20.899023	8.042264	HGDP00577	80
-15.560948	12.84097	HGDP00614	80
-9.666417	-35.697666	HGDP01217	80
-8.565709	-37.777042	HGDP00759	80
-18.107092	-9.023471	HGDP00230	80
-18.801916	9.438748	HGDP00628	80
-16.909948	23.012785	HGDP00624	80
-17.503332	13.417691	HGDP00647	80
-16.466345	-6.0170617	HGDP00197	80
-18.921484	14.045407	HGDP00625	80
-35.88657	7.195005	HGDP01373	80
-14.999303	15.720761	HGDP00738	80
-12.17661	19.56967	HGDP00619	80
-17.408545	18.801695	HGDP00637	80
-17.662878	13.342282	HGDP00677	80
-8.24442	-40.66138	HGDP00748	80
-16.72257	-4.6123376	HGDP00171	80
-15.953343	-3.5438561	HGDP00041	80
-34.369724	9.6481905	HGDP00666	80
-15.686925	-7.3891015	HGDP00237	80
-31.8328	2.9087806	HGDP00806	80
-28.489721	5.4436927	HGDP01177	80
-14.163793	-23.668337	HGDP01302	80
-64.04984	-56.588078	HGDP01019	80
-58.10233	-49.318638	HGDP01014	80
-17.860144	10.878995	HGDP00644	80
-17.796911	13.523801	HGDP00645	80
-10.02036	-33.577366	HGDP01208	80
-18.002478	-9.519107	HGDP00302	80
-19.684668	6.366056	HGDP00740	80
-13.03275	24.319426	HGDP00627	80
20.816675	-33.954624	HGDP00542	80
-20.264074	5.563291	HGDP00559	80
-16.44901	-16.994295	HGDP01301	80
-19.843176	12.014005	HGDP00642	80
-16.829931	-5.6056237	HGDP00187	80
-18.88468	-6.6640344	HGDP00274	80
-45.04221	-41.074528	HGDP01057	80
-18.724218	9.351926	HGDP00689	80
-19.26151	-3.755526	HGDP00222	80
-16.32224	-2.219149	HGDP00007	80
-41.48441	-40.724705	HGDP00865	80
-21.266455	27.384398	HGDP01266	80
8.355861	68.84656	HGDP00927	80
-19.363195	17.038023	HGDP00616	80
-3.903722	-43.88483	HGDP01338	80
-3.5570424	-47.86484	HGDP01333	80
-16.166845	-2.6341271	HGDP00027	80
-22.425146	-1.0998864	HGDP01402	80
-18.364538	-5.71921	HGDP00232	80
-3.9723866	-46.837833	HGDP00785	80
-30.47672	-0.0932336	HGDP00903	80
-33.542393	5.433347	HGDP01364	80
-49.658543	-42.277897	HGDP01044	80
-2.796178	-46.06058	HGDP01320	80
-15.926244	-5.355807	HGDP00195	80
1.2654673	71.30951	HGDP01199	80
-10.653783	-0.5833459	HGDP00157	80
-19.07981	-7.1568933	HGDP00286	80
-4.142614	-45.1879	HGDP01095	80
-27.470373	2.018827	HGDP01168	80
-28.936346	2.2295508	HGDP00530	80
-12.960374	-34.057995	HGDP01211	80
