	loss	lr	val_loss
0	-32230.31410361842	0.0010000000474974513	-39873.37105263158
1	-41160.22265625	0.0010000000474974513	-46235.681167763156
2	-48074.010238486844	0.0010000000474974513	-50460.22097039474
3	-50982.78811677632	0.0010000000474974513	-51769.506455592105
4	-51911.9734375	0.0010000000474974513	-52096.74975328947
5	-52139.77804276316	0.0010000000474974513	-52184.422409539475
6	-52199.61019736842	0.0010000000474974513	-52185.24292763158
7	-52208.56237664474	0.0010000000474974513	-52245.403125
8	-52261.04625822369	0.0010000000474974513	-52294.48211348684
9	-52302.70900493421	0.0010000000474974513	-52319.61077302632
10	-52323.75534539474	0.0010000000474974513	-52347.18030427631
11	-52354.10785361842	0.0010000000474974513	-52370.53721217105
12	-52371.551439144736	0.0010000000474974513	-52381.22339638158
13	-52381.68754111842	0.0010000000474974513	-52387.606578947365
14	-52388.17528782895	0.0010000000474974513	-52386.53429276316
15	-52381.632894736846	0.0010000000474974513	-52373.36632401316
16	-52369.896628289476	0.0010000000474974513	-52365.01467927632
17	-52363.78482730263	0.0010000000474974513	-52362.737294407896
18	-52363.3872944079	0.0010000000474974513	-52365.72668585526
19	-52367.64736842105	0.0010000000474974513	-52372.07409539474
20	-52375.50974506579	0.0010000000474974513	-52381.87228618421
21	-52384.26624177631	0.0010000000474974513	-52388.94243421053
22	-52390.98643092105	0.0010000000474974513	-52394.11245888158
23	-52394.42310855263	0.0010000000474974513	-52398.150164473685
24	-52399.15814144737	0.0010000000474974513	-52396.03708881579
25	-52398.34399671053	0.0010000000474974513	-52399.64938322368
26	-52393.597368421055	0.0010000000474974513	-52396.436143092105
27	-52395.20620888158	0.0010000000474974513	-52393.11315789474
28	-52392.543503289475	0.0010000000474974513	-52391.84732730263
29	-52391.929769736846	0.0010000000474974513	-52392.457689144736
30	-52393.0005756579	0.0010000000474974513	-52394.31274671053
31	-52395.106126644736	0.0010000000474974513	-52396.72072368421
32	-52397.53050986842	0.0010000000474974513	-52399.22388980263
33	-52399.94494243421	0.0010000000474974513	-52403.202014802635
34	-52403.77450657895	0.0010000000474974513	-52390.12808388158
35	-52395.49786184211	0.0010000000474974513	-52400.03708881579
36	-52397.34337993421	0.0010000000474974513	-52391.98972039474
37	-52389.75222039474	0.0010000000474974513	-52385.97405427632
38	-52384.994736842105	0.0010000000474974513	-52384.57956414474
39	-52386.95189144737	0.0010000000474974513	-52388.7025493421
40	-52389.66726973684	0.0010000000474974513	-52391.95670230263
41	-52393.31254111842	0.0010000000474974513	-52396.15361842105
42	-52397.558511513154	0.0010000000474974513	-52400.259991776315
43	-52401.21599506579	0.0010000000474974513	-52403.95374177631
44	-52404.61023848684	0.0010000000474974513	-52406.763898026315
45	-52407.449876644736	0.0010000000474974513	-52408.69247532895
46	-52409.18663651316	0.0010000000474974513	-52410.09111842105
47	-52410.232195723685	0.0010000000474974513	-52402.820476973684
48	-52408.54481907895	0.0010000000474974513	-52410.541611842105
49	-52403.39638157895	0.0010000000474974513	-52406.264268092105
50	-52391.51184210526	0.0010000000474974513	-52294.616652960525
51	-52332.62923519737	0.0010000000474974513	-52340.73046875
52	-52334.78046875	0.0010000000474974513	-52326.68811677631
53	-52326.572491776315	0.0010000000474974513	-52329.69572368421
54	-52334.421792763154	0.0010000000474974513	-52348.816118421055
55	-52355.22339638158	0.0010000000474974513	-52368.232072368424
56	-52374.24502467105	0.0010000000474974513	-52385.53791118421
57	-52390.119284539476	0.0010000000474974513	-52398.178330592105
58	-52401.13046875	0.0010000000474974513	-52406.09206414474
59	-52407.712541118424	0.0010000000474974513	-52410.2650493421
60	-52409.53429276316	0.0010000000474974513	-52407.77935855263
61	-52409.20337171053	0.0010000000474974513	-52409.17693256579
62	-52408.26064967105	0.0010000000474974513	-52406.362746710525
63	-52405.62816611842	0.0010000000474974513	-52403.716940789476
64	-52403.08523848684	0.0010000000474974513	-52403.66430921053
65	-52403.71377467105	0.0010000000474974513	-52404.075822368424
66	-52404.4720805921	0.0010000000474974513	-52405.43536184211
67	-52406.01574835526	0.0010000000474974513	-52405.34967105263
68	-52406.89486019737	0.0010000000474974513	-52408.59210526316
69	-52409.05505756579	0.0010000000474974513	-52410.011636513154
70	-52410.45476973684	0.0010000000474974513	-52411.32976973684
71	-52411.69798519737	0.0010000000474974513	-52412.43433388158
72	-52412.61837993421	0.0010000000474974513	-52413.01685855263
73	-52413.29971217105	0.0010000000474974513	-52413.59753289474
74	-52413.38893914474	0.0010000000474974513	-52414.0306743421
75	-52413.805222039475	0.0010000000474974513	-52413.592845394734
76	-52413.35608552631	0.0010000000474974513	-52413.325328947365
77	-52413.218667763154	0.0010000000474974513	-52413.076521381576
78	-52413.05797697369	0.0010000000474974513	-52413.10160361842
79	-52413.17002467105	0.0010000000474974513	-52413.36455592105
80	-52413.496998355266	0.0010000000474974513	-52413.77072368421
81	-52413.90777138158	0.0010000000474974513	-52414.15579769737
82	-52410.76069078947	0.0010000000474974513	-52413.78429276316
83	-52412.71825657895	0.0010000000474974513	-52410.65637335526
84	-52409.69181743421	0.0010000000474974513	-52407.934498355266
85	-52407.324136513154	0.0010000000474974513	-52406.43162006579
86	-52406.28322368421	0.0010000000474974513	-52405.576398026315
87	-52405.83203125	0.0010000000474974513	-52405.69461348684
88	-52404.476274671055	0.0010000000474974513	-52402.046217105264
89	-52401.11315789474	0.0010000000474974513	-52399.703659539475
90	-52399.507648026316	0.0010000000474974513	-52399.60485197369
91	-52400.058675986846	0.0010000000474974513	-52401.2923930921
92	-52402.11032072368	0.0010000000474974513	-52403.86977796053
93	-52404.78967927631	0.0010000000474974513	-52406.60999177631
94	-52406.634169407895	0.0010000000474974513	-52401.36986019737
95	-52402.703125	0.0010000000474974513	-52404.64691611842
96	-52401.94572368421	0.0010000000474974513	-52396.302590460524
97	-52393.76204769737	0.0010000000474974513	-52389.40238486842
98	-52388.07216282895	0.0010000000474974513	-52386.268050986844
99	-52386.228659539476	0.0010000000474974513	-52386.88778782895
100	-52387.810896381576	0.0010000000474974513	-52390.09625822368
101	-52391.499095394734	0.0010000000474974513	-52394.45333059211
102	-52395.52216282895	0.0010000000474974513	-52398.37668585526
103	-52399.305592105266	0.0010000000474974513	-52401.215830592104
104	-52402.14983552632	0.0010000000474974513	-52404.02985197368
105	-52404.91040296053	0.0010000000474974513	-52406.612294407896
106	-52407.37594572368	0.0010000000474974513	-52408.77421875
107	-52408.052878289476	0.0010000000474974513	-52405.074136513154
108	-52405.758799342104	0.0010000000474974513	-52406.882154605264
109	-52407.148972039475	0.0010000000474974513	-52407.95439967105
110	-52410.39420230263	0.0010000000474974513	-52412.572039473685
111	-52411.94424342105	0.0010000000474974513	-52412.36101973684
112	-52412.28700657895	0.0010000000474974513	-52412.564309210524
113	-52412.555345394736	0.0010000000474974513	-52412.67438322368
114	-52412.59416118421	0.0010000000474974513	-52412.710773026316
115	-52412.70135690789	0.0010000000474974513	-52412.96673519737
116	-52413.011800986846	0.0010000000474974513	-52412.70559210526
117	-52404.23659539474	0.0010000000474974513	-52410.14884868421
118	-52408.2015625	0.0010000000474974513	-52404.28022203947
119	-52402.57615131579	0.0010000000474974513	-52399.610978618424
120	-52398.65209703947	0.0010000000474974513	-52397.22442434211
121	-52396.999712171055	0.0010000000474974513	-52396.97360197368
122	-52397.334128289476	0.0010000000474974513	-52399.120435855264
123	-52400.26003289474	0.0010000000474974513	-52401.39247532895
124	-52401.962541118424	0.0010000000474974513	-52403.37820723684
125	-52404.05283717105	0.0010000000474974513	-52405.383470394736
126	-52404.1880756579	0.0010000000474974513	-52404.1009868421
127	-52406.46673519737	0.0010000000474974513	-52408.33523848684
128	-52408.73544407895	0.0010000000474974513	-52409.512253289475
129	-52409.87985197368	0.0010000000474974513	-52410.586472039475
130	-52410.91319901316	0.0010000000474974513	-52411.42380756579
131	-52411.69189967105	0.0010000000474974513	-52412.209950657896
132	-52412.422162828945	0.0005000000237487257	-52412.66829769737
133	-52412.777878289475	0.0005000000237487257	-52413.09387335526
134	-52413.17619243421	0.0005000000237487257	-52413.336101973684
135	-52413.423355263156	0.0005000000237487257	-52412.23162006579
136	-52413.45703125	0.0005000000237487257	-52413.67623355263
137	-52412.36352796053	0.0005000000237487257	-52411.93643092105
138	-52411.54037828947	0.0005000000237487257	-52410.73980263158
139	-52410.38766447368	0.0005000000237487257	-52409.75912828947
140	-52409.502179276315	0.0005000000237487257	-52409.09111842105
141	-52408.95752467105	0.0005000000237487257	-52408.78100328947
142	-52408.63137335526	0.0005000000237487257	-52408.76398026316
143	-52408.80148026316	0.0005000000237487257	-52408.96825657895
144	-52409.06916118421	0.0005000000237487257	-52409.347491776316
145	-52409.460855263154	0.0005000000237487257	-52409.7923930921
146	-52409.80600328947	0.0005000000237487257	-52410.13236019737
147	-52410.271628289476	0.0005000000237487257	-52410.66282894737
148	-52410.71402138158	0.0005000000237487257	-52411.022080592105
149	-52410.99732730263	0.0005000000237487257	-52411.41019736842
150	-52410.579934210524	0.0005000000237487257	-52406.81805098684
151	-52410.01385690789	0.0005000000237487257	-52413.21126644737
152	-52413.260731907896	0.0005000000237487257	-52412.94453125
153	-52413.37561677631	0.0005000000237487257	-52413.29111842105
154	-52413.475205592105	0.0005000000237487257	-52413.56599506579
155	-52413.69226973684	0.0005000000237487257	-52413.77105263158
156	-52413.86587171053	0.0005000000237487257	-52412.86233552632
157	-52413.32606907895	0.0005000000237487257	-52414.13318256579
158	-52414.018174342105	0.0005000000237487257	-52413.90111019737
159	-52414.32228618421	0.0005000000237487257	-52414.10534539474
160	-52414.70727796053	0.0005000000237487257	-52414.61414473684
161	-52410.523273026316	0.0005000000237487257	-52414.67578125
162	-52413.25349506579	0.0005000000237487257	-52412.14420230263
163	-52412.22051809211	0.0005000000237487257	-52411.89103618421
164	-52411.65921052632	0.0005000000237487257	-52410.92993421053
165	-52410.692516447365	0.0005000000237487257	-52410.288774671055
166	-52410.206866776316	0.0005000000237487257	-52410.059580592104
167	-52410.05756578947	0.0005000000237487257	-52410.0931743421
168	-52410.18947368421	0.0005000000237487257	-52410.37212171053
169	-52410.51377467105	0.0005000000237487257	-52410.75497532895
170	-52410.913157894734	0.0005000000237487257	-52411.23153782895
171	-52411.40439967105	0.0005000000237487257	-52411.72397203947
172	-52411.91657072368	0.0005000000237487257	-52412.24124177632
173	-52412.362376644734	0.0005000000237487257	-52412.702467105264
174	-52412.838939144734	0.0005000000237487257	-52413.01439144737
175	-52413.505715460524	0.0005000000237487257	-52413.56722861842
176	-52368.08125	0.0005000000237487257	-52410.99609375
177	-52404.09461348684	0.0005000000237487257	-52386.33914473684
178	-52376.199876644736	0.0005000000237487257	-52356.733264802635
179	-52349.381702302635	0.0005000000237487257	-52337.625082236846
180	-52334.75304276316	0.0005000000237487257	-52331.08199013158
181	-52332.14580592105	0.0005000000237487257	-52335.82989309211
182	-52338.811389802635	0.0005000000237487257	-52345.603042763156
183	-52349.42138157895	0.0005000000237487257	-52357.271340460524
184	-52361.10526315789	0.0005000000237487257	-52368.74728618421
185	-52372.187582236846	0.0005000000237487257	-52378.83675986842
186	-52381.64888980263	0.0005000000237487257	-52386.91451480263
187	-52389.11332236842	0.0005000000237487257	-52393.22384868421
188	-52394.93824013158	0.0005000000237487257	-52398.19173519737
189	-52399.57183388158	0.0005000000237487257	-52402.136060855264
190	-52403.22594572369	0.0005000000237487257	-52405.287335526315
191	-52406.160444078945	0.0005000000237487257	-52407.79925986842
192	-52408.48980263158	0.0005000000237487257	-52409.79416118421
193	-52410.33828125	0.0005000000237487257	-52411.369736842105
194	-52411.80719572368	0.0005000000237487257	-52412.61069078947
195	-52412.94757401316	0.0005000000237487257	-52413.57294407895
196	-52413.58902138158	0.0005000000237487257	-52414.076027960524
197	-52413.76537828947	0.0005000000237487257	-52412.41529605263
198	-52413.85888157895	0.0005000000237487257	-52414.56393914474
199	-52414.48795230263	0.0005000000237487257	-52414.33865131579
200	-52414.27890625	0.0005000000237487257	-52414.18503289474
201	-52414.16369243421	0.0005000000237487257	-52414.01315789474
202	-52414.03289473684	0.0005000000237487257	-52413.285690789475
203	-52413.448930921055	0.0005000000237487257	-52413.48330592105
204	-52413.73231907895	0.0005000000237487257	-52413.01044407895
205	-52413.24876644737	0.0005000000237487257	-52414.92680921053
206	-52415.16607730263	0.0005000000237487257	-52414.77339638158
207	-52414.815296052635	0.0005000000237487257	-52415.18112664474
208	-52415.222738486846	0.0005000000237487257	-52415.31780427632
209	-52413.870929276316	0.0005000000237487257	-52411.47134046053
210	-52414.00900493421	0.0005000000237487257	-52414.67458881579
211	-52414.48359375	0.0005000000237487257	-52414.14202302632
212	-52414.02117598684	0.0005000000237487257	-52413.82816611842
213	-52413.775534539476	0.0005000000237487257	-52413.71361019737
214	-52413.72142269737	0.0005000000237487257	-52413.75657894737
215	-52413.80164473684	0.0005000000237487257	-52413.90892269737
216	-52413.97528782895	0.0005000000237487257	-52414.121175986846
217	-52414.198231907896	0.0005000000237487257	-52414.36077302632
218	-52414.441118421055	0.0005000000237487257	-52414.60168585526
219	-52414.67582236842	0.0005000000237487257	-52414.82964638158
220	-52414.79296875	0.0005000000237487257	-52415.013199013156
221	-52415.071217105266	0.0005000000237487257	-52415.091652960524
222	-52415.15283717105	0.0005000000237487257	-52415.123889802635
223	-52415.34231085526	0.0005000000237487257	-52415.31426809211
224	-52415.35851151316	0.0005000000237487257	-52415.50801809211
225	-52415.540542763156	0.0005000000237487257	-52415.603042763156
226	-52415.462541118424	0.0005000000237487257	-52415.37450657895
227	-52415.609662828945	0.0005000000237487257	-52415.747574013156
228	-52415.768626644734	0.0005000000237487257	-52413.60962171053
229	-52415.743996710524	0.0005000000237487257	-52415.77495888158
230	-52415.63626644737	0.0005000000237487257	-52415.700699013156
231	-52415.68947368421	0.0005000000237487257	-52415.682483552635
232	-52415.68499177632	0.0005000000237487257	-52415.708511513156
233	-52415.72944078947	0.0005000000237487257	-52415.771011513156
234	-52415.800945723684	0.0005000000237487257	-52415.85427631579
235	-52415.762376644736	0.0005000000237487257	-52415.966324013156
236	-52415.99025493421	0.0005000000237487257	-52382.08326480263
237	-52402.749465460525	0.0005000000237487257	-52404.68314144737
238	-52399.30423519737	0.0005000000237487257	-52388.927508223685
239	-52384.66772203947	0.0005000000237487257	-52377.14329769737
240	-52374.56817434211	0.0005000000237487257	-52370.40752467105
241	-52369.3265625	0.0005000000237487257	-52367.99621710526
242	-52368.09572368421	0.0005000000237487257	-52368.94564144737
243	-52369.88787006579	0.0005000000237487257	-52372.178782894734
244	-52373.60287828947	0.0005000000237487257	-52376.68671875
245	-52378.32545230263	0.0005000000237487257	-52381.698560855264
246	-52383.36134868421	0.0005000000237487257	-52386.70250822369
247	-52388.28001644737	0.0005000000237487257	-52391.39403782895
248	-52392.81003289474	0.0005000000237487257	-52395.59991776316
249	-52396.851850328945	0.0005000000237487257	-52399.299177631576
250	-52400.40308388158	0.0005000000237487257	-52402.52199835526
251	-52403.4642680921	0.0005000000237487257	-52405.29165296053
252	-52406.09716282895	0.0005000000237487257	-52407.65111019737
253	-52408.33252467105	0.0005000000237487257	-52409.656414473684
254	-52410.240008223685	0.0005000000237487257	-52411.368667763156
255	-52411.86307565789	0.0005000000237487257	-52412.723190789475
256	-52413.234909539475	0.0005000000237487257	-52414.07952302632
257	-52414.204235197365	0.0005000000237487257	-52414.84148848684
258	-52415.06796875	0.0005000000237487257	-52415.34185855263
259	-52415.21171875	0.0005000000237487257	-52413.96282894737
260	-52411.96007401316	0.0005000000237487257	-52415.06805098684
261	-52414.63125	0.0005000000237487257	-52413.90662006579
262	-52413.820970394736	0.0005000000237487257	-52412.92092927632
263	-52412.68762335526	0.0005000000237487257	-52412.42060032895
264	-52412.00748355263	0.0005000000237487257	-52411.913075657896
265	-52411.76027960526	0.0005000000237487257	-52411.500287828945
266	-52411.427508223685	0.0005000000237487257	-52411.337541118424
267	-52411.34798519737	0.0005000000237487257	-52411.422162828945
268	-52411.49658717105	0.0005000000237487257	-52411.683881578945
269	-52411.80530427631	0.0005000000237487257	-52412.06805098684
270	-52412.21615953947	0.0005000000237487257	-52412.52767269737
271	-52412.68564967105	0.0005000000237487257	-52413.010731907896
272	-52413.17072368421	0.0005000000237487257	-52413.49383223684
273	-52413.643421052635	0.0005000000237487257	-52413.94309210526
274	-52414.0826069079	0.0005000000237487257	-52414.354564144734
275	-52414.47738486842	0.0005000000237487257	-52414.712664473685
276	-52414.82232730263	0.0005000000237487257	-52414.91159539474
277	-52415.109292763154	0.0005000000237487257	-52415.15296052631
278	-52415.250164473684	0.0005000000237487257	-52415.31879111842
279	-52402.73947368421	0.0005000000237487257	-52415.17619243421
280	-52413.919695723685	0.0005000000237487257	-52410.4828125
281	-52403.63626644737	0.0005000000237487257	-52398.03729440789
282	-52396.80645559211	0.0005000000237487257	-52395.23745888158
283	-52398.7818256579	0.0005000000237487257	-52401.623519736844
284	-52401.05324835526	0.0005000000237487257	-52400.098766447365
285	-52399.83227796053	0.0005000000237487257	-52399.48935032895
286	-52399.49831414474	0.0002500000118743628	-52399.603988486844
287	-52399.72405427632	0.0002500000118743628	-52400.034991776316
288	-52400.23108552631	0.0002500000118743628	-52400.675616776316
289	-52400.91891447368	0.0002500000118743628	-52401.441241776316
290	-52401.65357730263	0.0002500000118743628	-52368.891735197365
291	-52124.15612664474	0.0002500000118743628	-52395.90259046053
292	-52396.22417763158	0.0002500000118743628	-52394.820970394736
293	-52393.906414473684	0.0002500000118743628	-52391.89523026316
294	-52390.95004111842	0.0002500000118743628	-52389.2533305921
295	-52388.64921875	0.0002500000118743628	-52387.84169407895
296	-52387.58203125	0.0002500000118743628	-52387.18071546053
297	-52385.85078125	0.0002500000118743628	-52384.33453947368
298	-52384.42660361842	0.0002500000118743628	-52384.71998355263
299	-52384.97138157895	0.0002500000118743628	-52385.57680921053
300	-52385.93400493421	0.0002500000118743628	-52386.71352796053
301	-52387.13622532895	0.0002500000118743628	-52388.015625
302	-52388.46607730263	0.0002500000118743628	-52389.39457236842
303	-52389.85925164474	0.0002500000118743628	-52390.79950657895
304	-52391.26430921053	0.0002500000118743628	-52392.20452302632
305	-52392.66689967105	0.0002500000118743628	-52393.59379111842
306	-52394.039720394736	0.0002500000118743628	-52394.9296875
307	-52395.3484375	0.0002500000118743628	-52396.18597861842
308	-52396.57606907895	0.0002500000118743628	-52397.34481907895
309	-52397.70205592105	0.0002500000118743628	-52398.40201480263
310	-52398.725082236844	0.0002500000118743628	-52399.35760690789
311	-52399.64773848684	0.0002500000118743628	-52400.226027960525
312	-52400.494613486844	0.0002500000118743628	-52401.02537006579
313	-52401.278001644736	0.0002500000118743628	-52401.76883223684
314	-52402.001603618424	0.0002500000118743628	-52402.477097039475
315	-52402.702467105264	0.0002500000118743628	-52403.148972039475
316	-52403.36011513158	0.0002500000118743628	-52403.78186677631
317	-52403.98606085526	0.0002500000118743628	-52404.396340460524
318	-52404.57635690789	0.0002500000118743628	-52404.98096217105
319	-52405.16385690789	0.0002500000118743628	-52405.54605263158
320	-52405.73523848684	0.0002500000118743628	-52406.121175986846
321	-52406.35509868421	0.0002500000118743628	-52407.73848684211
322	-52408.39247532895	0.0002500000118743628	-52409.246175986846
323	-52409.38404605263	0.0002500000118743628	-52409.64720394737
324	-52409.768174342105	0.0002500000118743628	-52410.01311677632
325	-52410.12993421053	0.0002500000118743628	-52410.35296052632
326	-52410.46233552632	0.0002500000118743628	-52410.67199835526
327	-52410.77228618421	0.0002500000118743628	-52410.972738486846
328	-52411.066118421055	0.0002500000118743628	-52411.25275493421
329	-52411.345847039476	0.0002500000118743628	-52411.52228618421
330	-52411.60830592105	0.0002500000118743628	-52411.778824013156
331	-52411.76348684211	0.0002500000118743628	-52412.021011513156
332	-52412.09255756579	0.0002500000118743628	-52412.1568256579
333	-52412.20748355263	0.0002500000118743628	-52412.452014802635
334	-52412.420065789476	0.0002500000118743628	-52412.643421052635
335	-52412.70148026316	0.0002500000118743628	-52412.722491776316
336	-52412.855756578945	0.0001250000059371814	-52412.91430921053
337	-52412.71278782895	0.0001250000059371814	-52412.88055098684
338	-52413.0267680921	0.0001250000059371814	-52413.083634868424
339	-52413.111924342105	0.0001250000059371814	-52413.168256578945
340	-52413.191940789475	0.0001250000059371814	-52413.246381578945
341	-52413.275740131576	0.0001250000059371814	-52413.328412828945
342	-52413.35534539474	0.0001250000059371814	-52413.4078125
343	-52413.43675986842	0.0001250000059371814	-52413.484662828945
344	-52413.51015625	0.0001250000059371814	-52413.562787828945
345	-52413.48120888158	0.0001250000059371814	-52413.63314144737
346	-52413.74395559211	0.0001250000059371814	-52413.712541118424
347	-52413.621258223684	0.0001250000059371814	-52413.790666118424
348	-52413.50555098684	0.0001250000059371814	-52413.863569078945
349	-52413.88515625	0.0001250000059371814	-52413.70291940789
350	-52413.61056743421	0.0001250000059371814	-52413.996381578945
351	-52413.80341282895	0.0001250000059371814	-52414.18392269737
352	-52413.97072368421	0.0001250000059371814	-52414.02060032895
353	-52414.13552631579	0.0001250000059371814	-52413.93005756579
354	-52414.08441611842	0.0001250000059371814	-52414.031414473684
355	-52414.255386513156	0.0001250000059371814	-52414.06418585526
356	-52414.22286184211	0.0001250000059371814	-52414.257524671055
357	-52414.367105263154	0.0001250000059371814	-52414.18392269737
358	-52414.32064144737	0.0001250000059371814	-52414.345559210524
359	-52414.35217927631	0.0001250000059371814	-52414.38717105263
360	-52414.42767269737	0.0001250000059371814	-52414.29851973684
361	-52414.68836348684	0.0001250000059371814	-52414.61883223684
362	-52414.41455592105	0.0001250000059371814	-52414.35752467105
363	-52414.49300986842	0.0001250000059371814	-52414.682689144734
364	-52414.56837993421	0.0001250000059371814	-52414.674876644734
365	-52414.67602796053	0.0001250000059371814	-52414.68009868421
366	-52414.68252467105	0.0001250000059371814	-52414.693133223685
367	-52414.70271381579	0.0001250000059371814	-52414.72043585526
368	-52414.79683388158	0.0001250000059371814	-52414.94921875
369	-52414.990625	0.0001250000059371814	-52414.66632401316
370	-52414.64296875	0.0001250000059371814	-52415.00666118421
371	-52414.912705592105	0.0001250000059371814	-52415.14095394737
372	-52414.64905427631	0.0001250000059371814	-52414.48120888158
373	-52414.80267269737	0.0001250000059371814	-52414.89823190789
374	-52414.7779194079	0.0001250000059371814	-52414.87722039474
375	-52414.53799342105	0.0001250000059371814	-52415.72384868421
376	-52415.66726973684	0.0001250000059371814	-52415.27298519737
377	-52414.813486842104	0.0001250000059371814	-52414.34991776316
378	-52414.37993421053	0.0001250000059371814	-52413.32927631579
379	-52413.428125	0.0001250000059371814	-52413.26171875
380	-52412.9369243421	0.0001250000059371814	-52413.12310855263
381	-52412.94983552631	0.0001250000059371814	-52413.26932565789
382	-52413.39572368421	0.0001250000059371814	-52413.50201480263
383	-52413.52475328947	0.0001250000059371814	-52413.54749177631
384	-52413.68236019737	0.0001250000059371814	-52413.71081414474
385	-52413.69732730263	0.0001250000059371814	-52414.07787828947
386	-52413.752097039476	6.25000029685907e-05	-52413.95859375
387	-52413.990583881576	6.25000029685907e-05	-52413.94650493421
388	-52413.95242598684	6.25000029685907e-05	-52414.209827302635
389	-52414.17615131579	6.25000029685907e-05	-52414.058881578945
390	-52414.26315789474	6.25000029685907e-05	-52414.29091282895
391	-52415.324876644736	6.25000029685907e-05	-52415.33120888158
392	-52415.43988486842	6.25000029685907e-05	-52415.9419819079
393	-52415.50921052632	6.25000029685907e-05	-52415.840953947365
394	-52416.03737664474	6.25000029685907e-05	-52415.6046875
395	-52416.05193256579	6.25000029685907e-05	-52416.146875
396	-52415.73943256579	6.25000029685907e-05	-52415.36673519737
397	-52376.652261513154	6.25000029685907e-05	-52413.48482730263
398	-52412.38112664474	6.25000029685907e-05	-52411.01422697368
399	-52410.613445723684	6.25000029685907e-05	-52409.59679276316
400	-52409.199506578945	6.25000029685907e-05	-52408.45382401316
401	-52408.146258223685	6.25000029685907e-05	-52407.570148026316
402	-52407.3443256579	6.25000029685907e-05	-52406.91019736842
403	-52406.74736842105	6.25000029685907e-05	-52406.45464638158
404	-52406.353166118424	6.25000029685907e-05	-52406.15102796053
405	-52406.091652960524	6.25000029685907e-05	-52405.97162828947
406	-52405.938980263156	6.25000029685907e-05	-52405.859210526316
407	-52405.82956414474	6.25000029685907e-05	-52405.8453125
408	-52405.83490953947	6.25000029685907e-05	-52405.84107730263
409	-52405.86348684211	6.25000029685907e-05	-52405.908799342105
410	-52405.90106907895	6.25000029685907e-05	-52405.94268092105
411	-52405.97927631579	6.25000029685907e-05	-52406.021875
412	-52406.06817434211	6.25000029685907e-05	-52406.11846217105
413	-52406.16936677632	6.25000029685907e-05	-52406.239761513156
414	-52406.28063322369	6.25000029685907e-05	-52406.36089638158
415	-52406.39457236842	6.25000029685907e-05	-52406.47528782895
416	-52406.50768914474	6.25000029685907e-05	-52406.59638157895
417	-52406.62771381579	6.25000029685907e-05	-52406.712294407895
418	-52406.7416118421	6.25000029685907e-05	-52406.827014802635
419	-52406.855756578945	6.25000029685907e-05	-52406.95571546053
420	-52406.97561677632	6.25000029685907e-05	-52406.92212171053
421	-52406.96484375	6.25000029685907e-05	-52407.15579769737
422	-52407.22286184211	6.25000029685907e-05	-52407.24938322369
423	-52407.30028782895	6.25000029685907e-05	-52407.36233552632
424	-52407.30353618421	6.25000029685907e-05	-52407.39975328947
425	-52407.40982730263	6.25000029685907e-05	-52407.49486019737
426	-52407.63935032895	6.25000029685907e-05	-52407.74214638158
427	-52407.59453125	6.25000029685907e-05	-52407.67413651316
428	-52407.8078125	6.25000029685907e-05	-52407.888075657895
429	-52407.804029605264	6.25000029685907e-05	-52407.88149671053
430	-52407.9828125	6.25000029685907e-05	-52407.980550986846
431	-52408.02331414474	6.25000029685907e-05	-52408.04893092105
432	-52408.10760690789	6.25000029685907e-05	-52408.19917763158
433	-52408.22458881579	6.25000029685907e-05	-52408.31356907895
434	-52408.28079769737	6.25000029685907e-05	-52408.3890625
435	-52408.34543585526	6.25000029685907e-05	-52408.408429276315
436	-52408.498889802635	6.25000029685907e-05	-52408.54436677632
437	-52408.55834703947	6.25000029685907e-05	-52408.65353618421
438	-52408.650986842105	6.25000029685907e-05	-52408.82228618421
439	-52408.834128289476	6.25000029685907e-05	-52408.80682565789
440	-52408.78939144737	6.25000029685907e-05	-52408.890625
441	-52408.91299342105	6.25000029685907e-05	-52409.022902960525
442	-52409.0189555921	6.25000029685907e-05	-52408.892105263156
443	-52409.05863486842	6.25000029685907e-05	-52409.15546875
444	-52409.00185032895	6.25000029685907e-05	-52409.24222861842
445	-52409.26385690789	6.25000029685907e-05	-52409.11953125
446	-52409.35793585526	3.125000148429535e-05	-52409.364638157895
447	-52409.29601151316	3.125000148429535e-05	-52409.37927631579
448	-52409.38787006579	3.125000148429535e-05	-52409.091570723685
449	-52409.52557565789	3.125000148429535e-05	-52409.43490953947
450	-52409.28684210526	3.125000148429535e-05	-52409.87027138158
451	-52409.87294407895	3.125000148429535e-05	-52409.59720394737
452	-52409.4056743421	3.125000148429535e-05	-52409.84777960526
453	-52409.407730263156	3.125000148429535e-05	-52409.92273848684
454	-52409.78351151316	3.125000148429535e-05	-52409.207113486846
455	-52409.93055098684	3.125000148429535e-05	-52409.912458881576
456	-52409.87495888158	3.125000148429535e-05	-52409.56328125
457	-52410.26488486842	3.125000148429535e-05	-52409.66217105263
458	-52409.666981907896	3.125000148429535e-05	-52410.088240131576
459	-52410.21887335526	3.125000148429535e-05	-52410.02956414474
460	-52409.884539473685	3.125000148429535e-05	-52410.21398026316
461	-52409.953412828945	3.125000148429535e-05	-52410.65045230263
462	-52410.10546875	3.125000148429535e-05	-52411.46504934211
463	-52410.18379934211	3.125000148429535e-05	-52410.12397203947
464	-52410.35818256579	3.125000148429535e-05	-52410.26657072368
465	-52411.04346217105	3.125000148429535e-05	-52409.89333881579
466	-52411.160444078945	3.125000148429535e-05	-52410.54712171053
467	-52410.63129111842	3.125000148429535e-05	-52411.355633223684
468	-52410.97220394737	3.125000148429535e-05	-52412.12849506579
469	-52411.121875	3.125000148429535e-05	-52411.273601973684
470	-52411.13721217105	3.125000148429535e-05	-52412.32195723684
471	-52411.463034539476	3.125000148429535e-05	-52411.70431743421
472	-52412.22253289474	3.125000148429535e-05	-52411.806866776315
473	-52411.77606907895	3.125000148429535e-05	-52412.252302631576
474	-52411.77331414474	3.125000148429535e-05	-52411.87360197368
475	-52411.09177631579	3.125000148429535e-05	-52411.87816611842
476	-52411.871751644736	3.125000148429535e-05	-52411.85283717105
477	-52412.10542763158	3.125000148429535e-05	-52411.982771381576
478	-52411.6333881579	3.125000148429535e-05	-52411.9849506579
479	-52411.800863486846	3.125000148429535e-05	-52412.10625
480	-52412.053207236844	3.125000148429535e-05	-52411.958388157895
481	-52412.07545230263	3.125000148429535e-05	-52412.09761513158
482	-52411.98577302632	3.125000148429535e-05	-52412.12105263158
483	-52412.131003289476	3.125000148429535e-05	-52412.14576480263
484	-52412.15082236842	3.125000148429535e-05	-52412.06389802632
485	-52412.03992598684	3.125000148429535e-05	-52412.30037006579
486	-52412.08466282895	3.125000148429535e-05	-52412.31924342105
487	-52412.20847039474	3.125000148429535e-05	-52412.224136513156
488	-52412.24424342105	3.125000148429535e-05	-52412.24115953947
489	-52412.126480263156	3.125000148429535e-05	-52412.274794407895
490	-52412.27857730263	3.125000148429535e-05	-52412.40912828947
491	-52412.273149671055	3.125000148429535e-05	-52412.183881578945
492	-52412.449136513154	3.125000148429535e-05	-52412.34243421053
493	-52412.46180098684	3.125000148429535e-05	-52412.23071546053
494	-52412.36496710526	3.125000148429535e-05	-52412.50530427632
495	-52412.39403782895	3.125000148429535e-05	-52412.38840460526
496	-52412.38351151316	1.5625000742147677e-05	-52412.50978618421
497	-52412.42351973684	1.5625000742147677e-05	-52412.43087993421
498	-52412.32931743421	1.5625000742147677e-05	-52412.434950657895
499	-52412.30563322368	1.5625000742147677e-05	-52412.314103618424
500	-52412.57726151316	1.5625000742147677e-05	-52412.460855263154
501	-52412.456496710525	1.5625000742147677e-05	-52412.597574013154
502	-52412.33721217105	1.5625000742147677e-05	-52412.47532894737
503	-52412.46570723684	1.5625000742147677e-05	-52412.490830592105
504	-52412.24194078947	1.5625000742147677e-05	-52412.367475328945
505	-52412.37014802632	1.5625000742147677e-05	-52412.49765625
506	-52412.39358552632	1.5625000742147677e-05	-52412.52594572368
507	-52412.39037828947	1.5625000742147677e-05	-52412.645888157895
508	-52412.51069078947	1.5625000742147677e-05	-52412.63630756579
509	-52412.503988486846	1.5625000742147677e-05	-52412.445024671055
510	-52412.54773848684	1.5625000742147677e-05	-52412.69650493421
511	-52412.56673519737	1.5625000742147677e-05	-52412.691694078945
512	-52412.570476973684	1.5625000742147677e-05	-52412.58462171053
513	-52412.59185855263	1.5625000742147677e-05	-52412.459950657896
514	-52412.70217927632	1.5625000742147677e-05	-52412.4703125
515	-52412.60201480263	1.5625000742147677e-05	-52412.36480263158
516	-52412.62228618421	1.5625000742147677e-05	-52412.846175986844
517	-52412.624917763154	1.5625000742147677e-05	-52412.380509868424
518	-52412.75004111842	1.5625000742147677e-05	-52412.764638157896
519	-52412.51435032895	1.5625000742147677e-05	-52412.64864309211
520	-52412.528248355266	1.5625000742147677e-05	-52412.67047697368
521	-52412.538075657896	1.5625000742147677e-05	-52412.68215460526
522	-52412.937335526316	1.5625000742147677e-05	-52412.65106907895
523	-52412.82150493421	1.5625000742147677e-05	-52412.73211348684
524	-52412.814679276315	1.5625000742147677e-05	-52412.70703125
525	-52412.95900493421	1.5625000742147677e-05	-52412.712541118424
526	-52412.48725328947	1.5625000742147677e-05	-52412.72660361842
527	-52412.61669407895	1.5625000742147677e-05	-52412.60444078947
528	-52412.73305921053	1.5625000742147677e-05	-52412.74987664474
529	-52412.737171052635	1.5625000742147677e-05	-52412.62150493421
530	-52412.62512335526	1.5625000742147677e-05	-52412.905139802635
531	-52412.76085526316	1.5625000742147677e-05	-52412.77861842105
532	-52413.01208881579	1.5625000742147677e-05	-52412.54851973684
533	-52412.69794407895	1.5625000742147677e-05	-52412.800699013154
534	-52412.803125	1.5625000742147677e-05	-52412.806044407895
535	-52412.79773848684	1.5625000742147677e-05	-52412.84769736842
536	-52412.68499177632	1.5625000742147677e-05	-52412.70172697368
537	-52412.94268092105	1.5625000742147677e-05	-52412.70587993421
538	-52412.80583881579	1.5625000742147677e-05	-52412.93515625
539	-52412.95579769737	1.5625000742147677e-05	-52412.824753289475
540	-52412.960773026316	1.5625000742147677e-05	-52412.982195723685
541	-52412.86122532895	1.5625000742147677e-05	-52413.18729440789
542	-52413.12574013158	1.5625000742147677e-05	-52412.53055098684
543	-52412.86287006579	1.5625000742147677e-05	-52412.8765625
544	-52413.00949835526	1.5625000742147677e-05	-52412.767228618424
545	-52412.78856907895	1.5625000742147677e-05	-52413.014638157896
546	-52412.79329769737	7.812500371073838e-06	-52412.89621710526
547	-52412.90069901316	7.812500371073838e-06	-52412.91546052632
548	-52413.04366776316	7.812500371073838e-06	-52413.055797697365
549	-52413.04461348684	7.812500371073838e-06	-52412.80600328947
550	-52412.95180921053	7.812500371073838e-06	-52412.799794407896
551	-52412.80201480263	7.812500371073838e-06	-52412.806291118424
552	-52412.935402960524	7.812500371073838e-06	-52412.93762335526
553	-52412.9447368421	7.812500371073838e-06	-52412.68869243421
554	-52412.7171875	7.812500371073838e-06	-52413.06924342105
555	-52412.96731085526	7.812500371073838e-06	-52412.826768092105
556	-52412.977919407895	7.812500371073838e-06	-52412.967393092105
557	-52412.83170230263	7.812500371073838e-06	-52412.978988486844
558	-52412.975904605264	7.812500371073838e-06	-52412.838856907896
559	-52413.09724506579	7.812500371073838e-06	-52412.966200657895
560	-52412.714761513154	7.812500371073838e-06	-52412.975082236844
561	-52413.09313322369	7.812500371073838e-06	-52412.990830592105
562	-52412.98848684211	7.812500371073838e-06	-52412.99987664474
563	-52412.976480263154	7.812500371073838e-06	-52412.99613486842
564	-52413.12796052632	7.812500371073838e-06	-52412.868791118424
565	-52413.11932565789	7.812500371073838e-06	-52413.00024671053
566	-52412.99572368421	7.812500371073838e-06	-52412.86208881579
567	-52413.009292763156	7.812500371073838e-06	-52413.13042763158
568	-52412.91143092105	7.812500371073838e-06	-52413.00431743421
569	-52413.166858552635	7.812500371073838e-06	-52412.89346217105
570	-52412.90694901316	7.812500371073838e-06	-52413.143421052635
571	-52413.0318256579	7.812500371073838e-06	-52412.661759868424
572	-52412.90160361842	7.812500371073838e-06	-52412.89987664474
573	-52413.16833881579	7.812500371073838e-06	-52412.939103618424
574	-52413.04309210526	7.812500371073838e-06	-52413.05847039474
575	-52413.17923519737	7.812500371073838e-06	-52412.93630756579
576	-52412.92060032895	7.812500371073838e-06	-52413.04050164474
577	-52412.93536184211	7.812500371073838e-06	-52413.05493421053
578	-52412.953412828945	7.812500371073838e-06	-52413.019613486846
579	-52413.06603618421	7.812500371073838e-06	-52413.07068256579
580	-52413.06768092105	7.812500371073838e-06	-52413.21233552632
581	-52413.18429276316	7.812500371073838e-06	-52413.32314967105
582	-52412.951027960524	7.812500371073838e-06	-52412.95226151316
583	-52413.33581414474	7.812500371073838e-06	-52413.09128289474
584	-52413.198231907896	7.812500371073838e-06	-52412.97380756579
585	-52412.96755756579	7.812500371073838e-06	-52412.97162828947
586	-52413.077590460525	7.812500371073838e-06	-52412.975575657896
587	-52412.86981907895	7.812500371073838e-06	-52413.109662828945
588	-52413.22894736842	7.812500371073838e-06	-52413.10925164474
589	-52413.20209703947	7.812500371073838e-06	-52413.12417763158
590	-52413.124465460525	7.812500371073838e-06	-52413.13667763158
591	-52413.239268092104	7.812500371073838e-06	-52413.12775493421
592	-52413.12372532895	7.812500371073838e-06	-52413.118667763156
593	-52413.00596217105	7.812500371073838e-06	-52413.145888157895
594	-52413.13544407895	7.812500371073838e-06	-52413.015912828945
595	-52413.01829769737	7.812500371073838e-06	-52413.26702302632
