0	1	sampleID	epoch
-9.093945	-6.3522534	HG00096	0
-9.340805	-6.53153	HG00097	0
-7.53984	-5.51028	HG00099	0
-8.085598	-5.9709797	HG00100	0
-8.850466	-6.218086	HG00101	0
-6.9264326	-5.172562	HG00102	0
-9.080285	-6.3626313	HG00103	0
-7.335496	-5.4201407	HG00105	0
-8.5117855	-6.1060634	HG00106	0
-8.739678	-6.166759	HG00107	0
-6.9940176	-5.133578	HG00108	0
-6.921777	-5.123614	HG00109	0
-7.938641	-5.824698	HG00110	0
-8.52947	-6.092489	HG00111	0
-9.226229	-6.4610763	HG00112	0
-8.032224	-5.80552	HG00113	0
-9.27395	-6.447215	HG00114	0
-7.7599974	-5.502191	HG00115	0
-8.581731	-6.0926766	HG00116	0
-6.935609	-5.1308203	HG00117	0
-9.028976	-6.2575755	HG00118	0
-8.864093	-6.22935	HG00119	0
-8.903178	-6.2857375	HG00120	0
-7.562211	-5.5629945	HG00121	0
-8.777309	-6.2335	HG00122	0
-7.339366	-5.465118	HG00123	0
-7.4336033	-5.4632244	HG00125	0
-7.6791477	-5.602958	HG00126	0
-8.852651	-6.281488	HG00127	0
-8.199818	-5.939886	HG00128	0
-8.76753	-6.2511797	HG00129	0
-8.196137	-5.8803525	HG00130	0
-8.594721	-6.114822	HG00131	0
-8.696402	-6.1776376	HG00132	0
-8.511029	-6.1094384	HG00133	0
-7.2546678	-5.361998	HG00136	0
-8.327455	-5.9878707	HG00137	0
-9.094664	-6.3651557	HG00138	0
-8.670399	-6.1243453	HG00139	0
-7.636632	-5.5689197	HG00140	0
-7.5850754	-5.5458107	HG00141	0
-7.2734556	-5.3770247	HG00142	0
-8.797186	-6.220074	HG00143	0
-7.89931	-5.900059	HG00145	0
-8.503338	-6.111047	HG00146	0
-9.05389	-6.3450866	HG00148	0
-8.800865	-6.1800437	HG00149	0
-9.303339	-6.4886584	HG00150	0
-8.810605	-6.272033	HG00151	0
-8.34802	-6.0366645	HG00154	0
-8.487531	-5.953271	HG00155	0
-7.9480295	-5.888807	HG00157	0
-8.750797	-6.165089	HG00158	0
-7.38833	-5.406699	HG00159	0
-7.4741225	-5.4413342	HG00160	0
-8.966706	-6.3140717	HG00171	0
-9.147951	-6.343204	HG00173	0
-7.6015615	-5.5992265	HG00174	0
-8.827423	-6.24614	HG00176	0
-7.427043	-5.467873	HG00177	0
-7.8184733	-5.7697816	HG00178	0
-7.682254	-5.5535054	HG00179	0
-8.892204	-6.3049145	HG00180	0
-8.699573	-6.064437	HG00181	0
-8.949655	-6.2649503	HG00182	0
-8.476896	-6.0949345	HG00183	0
-7.149252	-5.3282523	HG00185	0
-8.495261	-6.0317006	HG00186	0
-8.525987	-6.0618634	HG00187	0
-7.6183987	-5.568373	HG00188	0
-8.504407	-6.0676455	HG00189	0
-9.101263	-6.3479767	HG00190	0
-8.754381	-6.2345004	HG00231	0
-8.848309	-6.2613797	HG00232	0
-7.391841	-5.477376	HG00233	0
-8.77475	-6.148907	HG00234	0
-8.803692	-6.1608677	HG00235	0
-8.219858	-5.987886	HG00236	0
-8.9663105	-6.3092313	HG00237	0
-8.86966	-6.2415166	HG00238	0
-8.804144	-6.2977653	HG00239	0
-9.229025	-6.4565177	HG00240	0
-7.3097477	-5.424421	HG00242	0
-9.279355	-6.501264	HG00243	0
-8.688163	-6.1189027	HG00244	0
-7.743395	-5.6886163	HG00245	0
-7.4262238	-5.4412303	HG00246	0
-7.813463	-5.5942597	HG00250	0
-7.7108765	-5.686092	HG00251	0
-8.763332	-6.110786	HG00252	0
-7.9494576	-5.51242	HG00253	0
-8.070263	-5.824322	HG00254	0
-8.977432	-6.3870606	HG00255	0
-8.210201	-5.962581	HG00256	0
-7.8874063	-5.788595	HG00257	0
-8.215268	-5.95406	HG00258	0
-9.015346	-6.334002	HG00259	0
-8.458306	-6.1372247	HG00260	0
-8.015465	-5.7207074	HG00261	0
-6.055648	-4.5982103	HG00262	0
-9.129914	-6.3746457	HG00263	0
-8.291146	-5.9858003	HG00264	0
-8.505911	-6.032459	HG00265	0
-9.284737	-6.481607	HG00266	0
-7.417488	-5.4404435	HG00267	0
-7.898715	-5.79082	HG00268	0
-9.13583	-6.4339566	HG00269	0
-9.297728	-6.518514	HG00271	0
-8.634013	-6.0517545	HG00272	0
-8.071753	-5.816384	HG00273	0
-9.088701	-6.3794374	HG00274	0
-8.7661915	-6.2861533	HG00275	0
-9.136532	-6.427789	HG00276	0
-8.873568	-6.2575126	HG00277	0
-8.872152	-6.293119	HG00278	0
-9.179447	-6.4768205	HG00280	0
-7.61602	-5.50484	HG00281	0
-7.9284935	-5.634493	HG00282	0
-8.136461	-5.864998	HG00284	0
-9.26173	-6.5083137	HG00285	0
-8.868963	-6.12719	HG00288	0
-8.675573	-6.099957	HG00290	0
-8.2331295	-6.0413556	HG00304	0
-8.5023575	-6.070616	HG00306	0
-8.146511	-5.7854357	HG00308	0
-8.9356785	-6.163531	HG00309	0
-8.82713	-6.2668223	HG00310	0
-8.83828	-6.254314	HG00311	0
-7.8204327	-5.8023167	HG00313	0
-8.05119	-5.8776493	HG00315	0
-8.25537	-5.971609	HG00318	0
-7.955269	-5.796243	HG00319	0
-8.15819	-5.8732457	HG00320	0
-6.928407	-5.0340867	HG00321	0
-8.574725	-6.1367416	HG00323	0
-8.485838	-6.0055575	HG00324	0
-8.477783	-6.06335	HG00325	0
-8.421198	-6.0006537	HG00326	0
-8.873085	-6.2852197	HG00327	0
-8.940344	-6.296466	HG00328	0
-8.536359	-6.128347	HG00329	0
-8.849556	-6.1857324	HG00330	0
-8.756979	-6.091023	HG00331	0
-7.3611174	-5.427299	HG00332	0
-8.569426	-6.0944457	HG00334	0
-7.169323	-5.342901	HG00335	0
-8.919325	-6.26457	HG00336	0
-8.774295	-6.203357	HG00337	0
-8.122717	-5.9726987	HG00338	0
-8.903378	-6.2509522	HG00339	0
-9.06922	-6.300716	HG00341	0
-8.32497	-5.8677235	HG00342	0
-7.717121	-5.680576	HG00343	0
-8.776979	-6.1495852	HG00344	0
-7.4239264	-5.450112	HG00345	0
-8.137285	-6.0089216	HG00346	0
-9.360316	-6.5415554	HG00349	0
-8.756372	-6.1722054	HG00350	0
-8.597584	-6.1149187	HG00351	0
-8.169598	-5.794739	HG00353	0
-8.851844	-6.274115	HG00355	0
-8.297691	-5.8902497	HG00356	0
-8.411831	-6.021148	HG00357	0
-8.948541	-6.2827616	HG00358	0
-9.244956	-6.4594636	HG00360	0
-7.774063	-5.608173	HG00361	0
-8.412497	-6.0667386	HG00362	0
-7.3719215	-5.431276	HG00364	0
-8.880726	-6.336495	HG00365	0
-8.404508	-6.042174	HG00366	0
-7.6134863	-5.5145354	HG00367	0
-8.701507	-6.1499767	HG00368	0
-8.4572315	-6.056749	HG00369	0
-8.776907	-6.223967	HG00371	0
-8.402163	-6.050475	HG00372	0
-8.990113	-6.3011937	HG00373	0
-8.295977	-5.821365	HG00375	0
-8.482181	-6.037907	HG00376	0
-8.106135	-5.771143	HG00378	0
-8.920935	-6.282838	HG00379	0
-8.184935	-6.017422	HG00380	0
-8.365801	-6.041205	HG00381	0
-7.420494	-5.509096	HG00382	0
-8.288936	-6.045946	HG00383	0
-8.151695	-5.950789	HG00384	0
-8.068453	-5.9111986	HG00403	0
-8.535593	-6.0603013	HG00404	0
-8.215318	-5.967872	HG00406	0
-8.374113	-6.0722013	HG00407	0
-8.58442	-6.110244	HG00409	0
-8.153076	-5.8810124	HG00410	0
-8.171025	-5.7765365	HG00419	0
-8.645106	-6.096235	HG00421	0
-8.959895	-6.315164	HG00422	0
-8.046615	-5.940335	HG00428	0
-8.17314	-5.892614	HG00436	0
-8.726421	-6.0594773	HG00437	0
-8.392652	-6.001207	HG00442	0
-8.376064	-5.9710073	HG00443	0
-8.7288685	-6.1412277	HG00445	0
-8.214566	-5.9565387	HG00446	0
-8.317705	-5.798515	HG00448	0
-8.592646	-6.1021075	HG00449	0
-8.378112	-5.9587865	HG00451	0
-8.399456	-5.9933486	HG00452	0
-8.042808	-5.8810954	HG00457	0
-8.478198	-6.0869355	HG00458	0
-8.738718	-6.114434	HG00463	0
-8.461409	-5.998838	HG00464	0
-7.740121	-5.7278056	HG00472	0
-7.8827133	-5.7925763	HG00473	0
-8.009728	-5.892301	HG00475	0
-8.947194	-6.309293	HG00476	0
-7.8649015	-5.7476563	HG00478	0
-9.014587	-6.280862	HG00479	0
-8.60456	-6.09323	HG00500	0
-8.05422	-5.7163596	HG00513	0
-8.372919	-6.0026627	HG00524	0
-8.424801	-6.033242	HG00525	0
-8.799011	-6.098661	HG00530	0
-8.072486	-5.7371736	HG00531	0
-8.305124	-5.9917536	HG00533	0
-7.9511576	-5.890058	HG00534	0
-7.970143	-5.8936377	HG00536	0
-8.386294	-5.919852	HG00537	0
-7.9880333	-5.851873	HG00542	0
-8.416338	-5.970839	HG00543	0
-8.5941305	-6.04835	HG00551	0
-6.506222	-4.978663	HG00553	0
-8.491596	-6.0772448	HG00554	0
-8.348293	-6.0206447	HG00556	0
-8.623121	-6.129675	HG00557	0
-8.559865	-6.077911	HG00559	0
-8.455498	-6.069796	HG00560	0
-8.488427	-6.0662513	HG00565	0
-8.557857	-6.061218	HG00566	0
-8.771401	-6.160115	HG00580	0
-8.672285	-5.926718	HG00581	0
-8.802627	-6.1554475	HG00583	0
-8.998844	-6.259497	HG00584	0
-8.500491	-6.05738	HG00589	0
-8.922276	-6.213112	HG00590	0
-8.369498	-6.0312543	HG00592	0
-8.506853	-6.043074	HG00593	0
-8.788335	-6.170961	HG00595	0
-8.680347	-6.131846	HG00596	0
-8.127941	-5.898209	HG00598	0
-8.627722	-5.948639	HG00599	0
-8.694803	-6.0442033	HG00607	0
-8.124947	-5.9238734	HG00608	0
-8.3056555	-5.9460516	HG00610	0
-8.951331	-6.2921834	HG00611	0
-8.456258	-5.938918	HG00613	0
-8.797106	-6.2004867	HG00614	0
-8.552696	-6.036802	HG00619	0
-8.041033	-5.8341656	HG00620	0
-8.65544	-6.040836	HG00622	0
-8.670006	-5.9292636	HG00623	0
-8.254576	-5.935437	HG00625	0
-8.725711	-5.9901633	HG00626	0
-8.111083	-5.9361672	HG00628	0
-8.34882	-5.9974227	HG00629	0
-7.9680777	-5.702534	HG00631	0
-8.50408	-6.054765	HG00632	0
-8.486146	-5.987064	HG00634	0
-8.544287	-6.2079654	HG00637	0
-7.851412	-5.7031465	HG00638	0
-7.4488554	-5.4775257	HG00640	0
-8.669769	-6.0551896	HG00641	0
-8.136451	-5.852156	HG00650	0
-8.115254	-5.8457217	HG00651	0
-8.676666	-6.2152715	HG00653	0
-9.014113	-6.2816396	HG00654	0
-8.798647	-6.1745105	HG00656	0
-7.9714413	-5.9197187	HG00657	0
-8.22789	-5.97133	HG00662	0
-8.990838	-6.26646	HG00663	0
-8.535251	-6.1062446	HG00671	0
-8.733804	-6.1986184	HG00672	0
-8.686358	-6.1012225	HG00674	0
-8.690505	-6.1423335	HG00675	0
-8.544935	-6.041215	HG00683	0
-8.761897	-6.0053515	HG00684	0
-8.631066	-5.915067	HG00689	0
-8.604825	-6.232759	HG00690	0
-8.221867	-5.809027	HG00692	0
-7.8052754	-5.777833	HG00693	0
-7.819684	-5.6165576	HG00698	0
-8.461896	-6.024328	HG00699	0
-8.240568	-5.816553	HG00701	0
-8.418443	-5.87991	HG00704	0
-8.70247	-6.1944394	HG00705	0
-8.683158	-6.2247367	HG00707	0
-8.412805	-5.823628	HG00708	0
-8.509369	-6.119733	HG00717	0
-8.728628	-6.1256976	HG00728	0
-8.672401	-6.1188946	HG00729	0
-6.533327	-4.7913756	HG00731	0
-7.845524	-5.514292	HG00732	0
-9.304459	-6.503679	HG00734	0
-8.632816	-6.1902795	HG00736	0
-6.9608927	-5.1836004	HG00737	0
-8.3988905	-5.910954	HG00739	0
-8.512003	-5.9614425	HG00740	0
-7.4613657	-5.4799905	HG00742	0
-7.450569	-5.274256	HG00743	0
-8.80805	-6.19496	HG00759	0
-8.0956955	-5.944345	HG00766	0
-8.645057	-6.1401734	HG00844	0
-8.582699	-6.135769	HG00851	0
-8.110471	-5.874819	HG00864	0
-8.518019	-6.034011	HG00867	0
-8.422563	-6.029956	HG00879	0
-8.660002	-6.060427	HG00881	0
-7.5529966	-5.6340423	HG00956	0
-8.695859	-6.1497703	HG00978	0
-8.786993	-6.1235147	HG00982	0
-8.714207	-6.0253363	HG01028	0
-8.04541	-5.879457	HG01029	0
-8.147268	-5.9044604	HG01031	0
-8.495074	-6.0356107	HG01046	0
-7.5733156	-5.5313764	HG01047	0
-8.91325	-6.2740293	HG01048	0
-8.3047695	-5.836574	HG01049	0
-8.546093	-6.1157727	HG01051	0
-8.726016	-6.1008	HG01052	0
-7.0147505	-5.0839467	HG01054	0
-8.198441	-5.949257	HG01055	0
-9.044029	-6.3624024	HG01058	0
-7.839289	-5.7332835	HG01060	0
-8.582941	-6.087818	HG01061	0
-8.779825	-6.3463902	HG01063	0
-7.6807175	-5.659612	HG01064	0
-8.672268	-6.082771	HG01066	0
-9.358406	-6.5579515	HG01067	0
-9.279212	-6.440566	HG01069	0
-8.662736	-6.1976933	HG01070	0
-9.243951	-6.4489865	HG01072	0
-8.627309	-6.211313	HG01073	0
-7.0977135	-5.0897317	HG01075	0
-7.452217	-5.3611245	HG01077	0
-8.350682	-6.051706	HG01079	0
-7.0720954	-5.0785546	HG01080	0
-8.7534485	-6.2403383	HG01082	0
-7.0524635	-5.358031	HG01083	0
-9.181237	-6.4002776	HG01085	0
-7.361395	-5.4220266	HG01086	0
-9.0660715	-6.2593236	HG01088	0
-9.300417	-6.4652476	HG01089	0
-8.06247	-5.9303126	HG01092	0
-8.7292385	-6.140586	HG01094	0
-7.357375	-5.501414	HG01095	0
-8.149975	-5.7893996	HG01097	0
-8.756823	-6.1222835	HG01098	0
-8.050528	-6.012837	HG01101	0
-8.491185	-5.9498725	HG01102	0
-8.612697	-6.1825614	HG01104	0
-7.357375	-5.501414	HG01105	0
-8.462543	-6.0058556	HG01107	0
-7.906807	-5.6552143	HG01108	0
-8.766718	-6.2864175	HG01110	0
-8.108186	-5.769508	HG01111	0
-8.640178	-6.159775	HG01112	0
-8.278856	-6.0127945	HG01113	0
-6.872619	-5.1061854	HG01119	0
-8.912928	-6.2361016	HG01121	0
-8.897727	-6.2557597	HG01122	0
-6.8235073	-4.969419	HG01124	0
-8.769936	-6.153067	HG01125	0
-8.632935	-5.9979815	HG01130	0
-8.465493	-6.0995307	HG01131	0
-8.804088	-6.1129766	HG01133	0
-8.684818	-6.266006	HG01134	0
-8.524851	-6.0460815	HG01136	0
-7.75342	-5.541448	HG01137	0
-8.756359	-6.2318363	HG01139	0
-8.179478	-5.7856007	HG01140	0
-8.379517	-5.8839197	HG01142	0
-8.619465	-6.0413876	HG01148	0
-8.892341	-6.2269826	HG01149	0
-7.856534	-5.4444056	HG01161	0
-8.722573	-6.2102275	HG01162	0
-8.274858	-5.9981456	HG01164	0
-8.460646	-5.9511237	HG01167	0
-9.13566	-6.3654428	HG01168	0
-7.504765	-5.3383346	HG01170	0
-8.406559	-6.035624	HG01171	0
-7.343949	-5.4797597	HG01173	0
-8.564002	-6.02486	HG01174	0
-7.6631575	-5.6818757	HG01176	0
-7.6973658	-5.376917	HG01177	0
-7.8404713	-5.7403064	HG01182	0
-7.8935575	-5.4656415	HG01183	0
-8.740903	-6.153048	HG01187	0
-7.705259	-5.6594987	HG01188	0
-7.6348085	-5.5371013	HG01190	0
-8.444431	-6.0668387	HG01191	0
-7.847185	-5.483805	HG01197	0
-7.33418	-5.3605514	HG01198	0
-7.1533165	-5.1287136	HG01200	0
-7.4370995	-5.3698425	HG01204	0
-6.7790174	-5.225121	HG01205	0
-8.249409	-5.855413	HG01241	0
-7.4162564	-5.4201097	HG01242	0
-8.232826	-5.941362	HG01247	0
-9.167112	-6.408672	HG01248	0
-8.143095	-5.6908617	HG01250	0
-7.0462093	-5.375542	HG01251	0
-8.4634285	-5.9929547	HG01253	0
-8.272522	-5.9693046	HG01254	0
-8.494406	-5.928326	HG01256	0
-8.439798	-6.0730453	HG01257	0
-8.177858	-5.805572	HG01259	0
-7.8521976	-5.639459	HG01260	0
-6.2140512	-4.532621	HG01269	0
-8.316139	-5.8966146	HG01271	0
-8.908428	-6.313824	HG01272	0
-6.2136297	-4.642161	HG01275	0
-8.99517	-6.273173	HG01277	0
-8.497749	-6.1118245	HG01280	0
-7.5678663	-5.623921	HG01281	0
-8.716614	-6.1427073	HG01284	0
-7.0285416	-5.111528	HG01286	0
-8.673386	-6.0630636	HG01302	0
-8.286992	-6.0367513	HG01303	0
-8.981541	-6.2265368	HG01305	0
-8.748172	-6.265943	HG01308	0
-7.287875	-5.334283	HG01311	0
-9.099733	-6.338308	HG01312	0
-7.9105296	-5.7580643	HG01323	0
-8.422479	-6.1951127	HG01325	0
-7.568762	-5.5009685	HG01326	0
-9.297104	-6.471893	HG01334	0
-8.827697	-6.048434	HG01341	0
-7.92144	-5.8890777	HG01342	0
-8.15219	-5.8034415	HG01344	0
-9.121449	-6.365133	HG01345	0
-8.634494	-6.1749835	HG01348	0
-6.410811	-4.6920986	HG01350	0
-8.594819	-6.0605383	HG01351	0
-7.4298887	-5.477463	HG01353	0
-8.402926	-6.062709	HG01354	0
-7.961112	-5.4988294	HG01356	0
-8.874822	-6.270628	HG01357	0
-8.048927	-5.814041	HG01359	0
-9.281586	-6.480145	HG01360	0
-8.427354	-5.9645734	HG01362	0
-7.453035	-5.445358	HG01363	0
-9.21214	-6.464579	HG01365	0
-7.0476017	-5.0919385	HG01366	0
-8.646916	-6.0567236	HG01369	0
-7.617793	-5.5785956	HG01372	0
-9.275213	-6.5064874	HG01374	0
-8.144091	-5.816715	HG01375	0
-8.1208725	-5.945975	HG01377	0
-8.97489	-6.191603	HG01378	0
-8.96937	-6.301145	HG01383	0
-6.0173864	-4.5401154	HG01384	0
-7.9931393	-5.6113305	HG01389	0
-8.604014	-6.1360097	HG01390	0
-7.919438	-5.6886296	HG01392	0
-8.091456	-5.7555223	HG01393	0
-7.680303	-5.6614556	HG01395	0
-7.8250575	-5.7092032	HG01396	0
-7.376666	-5.417606	HG01398	0
-9.101766	-6.271631	HG01402	0
-8.838796	-6.2365823	HG01403	0
-7.676	-5.588152	HG01405	0
-8.797342	-6.228727	HG01412	0
-7.949028	-5.7805905	HG01413	0
-7.851067	-5.710567	HG01414	0
-7.8900857	-5.5037265	HG01431	0
-8.786968	-6.183815	HG01432	0
-7.797989	-5.564219	HG01435	0
-7.3973517	-5.451485	HG01437	0
-8.225977	-5.7911963	HG01438	0
-8.292755	-5.882121	HG01440	0
-8.447924	-6.100204	HG01441	0
-8.893923	-6.2608314	HG01443	0
-8.12435	-6.001122	HG01444	0
-7.8722878	-5.4730086	HG01447	0
-8.551952	-6.106032	HG01455	0
-8.495969	-5.989673	HG01456	0
-8.143631	-5.836707	HG01459	0
-7.808526	-5.4642973	HG01461	0
-7.664756	-5.7175736	HG01462	0
-8.220125	-5.9880843	HG01464	0
-8.917973	-6.281642	HG01465	0
-8.075174	-5.787881	HG01468	0
-8.403938	-5.996864	HG01474	0
-7.962926	-5.9327016	HG01479	0
-7.87632	-5.562131	HG01485	0
-8.283343	-5.9003215	HG01486	0
-8.584585	-6.153177	HG01488	0
-7.4961414	-5.537067	HG01489	0
-8.827065	-6.219871	HG01491	0
-8.742682	-5.951204	HG01492	0
-8.609322	-5.920355	HG01494	0
-8.251914	-5.7859807	HG01495	0
-7.803071	-5.5414205	HG01497	0
-8.623206	-6.113706	HG01498	0
-7.060117	-5.3841405	HG01500	0
-7.695094	-5.61111	HG01501	0
-6.955187	-5.1851563	HG01503	0
-6.792034	-5.0708346	HG01504	0
-7.364302	-5.3721538	HG01506	0
-8.686415	-6.059538	HG01507	0
-8.154771	-5.9233775	HG01509	0
-8.610874	-6.207425	HG01510	0
-7.8327084	-5.785968	HG01512	0
-8.972811	-6.2861567	HG01513	0
-7.1905065	-5.4221206	HG01515	0
-6.1607027	-4.6476626	HG01516	0
-7.8744087	-5.736673	HG01518	0
-7.232354	-5.419724	HG01519	0
-8.395055	-5.8786173	HG01521	0
-7.492234	-5.477369	HG01522	0
-5.961005	-4.546434	HG01524	0
-8.0602	-5.8226485	HG01525	0
-7.118406	-5.1571927	HG01527	0
-6.820579	-5.0439515	HG01528	0
-7.157063	-5.377567	HG01530	0
-7.056408	-5.2173734	HG01531	0
-7.0241394	-5.2130675	HG01536	0
-8.977003	-6.3296895	HG01537	0
-8.52255	-6.141443	HG01550	0
-7.8553386	-5.4840236	HG01551	0
-7.241514	-5.381248	HG01556	0
-7.877851	-5.470794	HG01565	0
-8.865633	-6.2184415	HG01566	0
-7.782384	-5.4953475	HG01571	0
-8.6631975	-6.0719705	HG01572	0
-8.158496	-5.9931636	HG01577	0
-9.2913	-6.492044	HG01578	0
-7.665469	-5.6110644	HG01583	0
-8.6830435	-6.12964	HG01586	0
-9.161745	-6.403834	HG01589	0
-8.08651	-5.809913	HG01593	0
-8.338416	-5.8232474	HG01595	0
-8.980679	-6.3057175	HG01596	0
-8.44532	-6.015015	HG01597	0
-8.796273	-6.1370306	HG01598	0
-8.134115	-5.854019	HG01599	0
-7.671588	-5.7309575	HG01600	0
-7.8073263	-5.7351503	HG01602	0
-7.1467233	-5.336848	HG01603	0
-8.932281	-6.2904863	HG01605	0
-8.5302925	-5.9560695	HG01606	0
-9.048921	-6.3531327	HG01607	0
-7.01445	-5.066854	HG01608	0
-8.824466	-6.255928	HG01610	0
-8.009303	-5.7365146	HG01612	0
-7.7326975	-5.674737	HG01613	0
-8.823975	-6.295716	HG01615	0
-7.8084464	-5.616603	HG01617	0
-8.441591	-6.0374327	HG01618	0
-7.8471785	-5.711621	HG01619	0
-8.260885	-5.810371	HG01620	0
-6.556791	-4.8065486	HG01623	0
-7.823856	-5.580191	HG01624	0
-8.436031	-5.898458	HG01625	0
-9.278285	-6.485538	HG01626	0
-7.972084	-5.7883286	HG01628	0
-8.623987	-5.880165	HG01630	0
-7.7764435	-5.6908765	HG01631	0
-9.290497	-6.4762483	HG01632	0
-7.28872	-5.3544936	HG01668	0
-8.516547	-6.0376945	HG01669	0
-7.684615	-5.3974667	HG01670	0
-7.869815	-5.8169007	HG01672	0
-8.447255	-6.115641	HG01673	0
-7.737029	-5.739679	HG01675	0
-8.892143	-6.310274	HG01676	0
-8.353679	-5.7859616	HG01678	0
-7.6172385	-5.573005	HG01679	0
-7.1800594	-5.2008533	HG01680	0
-7.316308	-5.406839	HG01682	0
-8.944525	-6.262617	HG01684	0
-6.096278	-4.583939	HG01685	0
-7.8460274	-5.7326913	HG01686	0
-8.642868	-6.2029757	HG01694	0
-8.618913	-6.160506	HG01695	0
-8.291357	-5.9700384	HG01697	0
-8.374724	-6.071935	HG01699	0
-7.826303	-5.716982	HG01700	0
-8.753103	-6.2714343	HG01702	0
-6.852114	-5.0494523	HG01704	0
-8.96325	-6.2763352	HG01705	0
-8.601283	-6.0819407	HG01707	0
-8.639222	-6.080811	HG01708	0
-7.711619	-5.6351604	HG01709	0
-8.248348	-5.9185114	HG01710	0
-7.8431787	-5.7089043	HG01746	0
-6.030717	-4.5776143	HG01747	0
-8.658565	-6.0326552	HG01756	0
-7.9848523	-5.811053	HG01757	0
-8.881388	-6.1226335	HG01761	0
-8.363319	-6.147004	HG01762	0
-8.277958	-6.026312	HG01765	0
-7.7396946	-5.3613157	HG01766	0
-7.7997894	-5.802943	HG01767	0
-8.685436	-6.143448	HG01768	0
-8.985706	-6.2148423	HG01770	0
-7.737708	-5.6939797	HG01771	0
-8.169344	-5.766262	HG01773	0
-6.078288	-4.5981545	HG01775	0
-7.2725654	-5.402232	HG01776	0
-9.228601	-6.470817	HG01777	0
-8.885328	-6.2548423	HG01779	0
-7.900886	-5.765576	HG01781	0
-7.475332	-5.54765	HG01783	0
-8.664192	-6.060885	HG01784	0
-8.895008	-6.2466083	HG01785	0
-8.578119	-6.023785	HG01786	0
-8.113096	-5.84269	HG01789	0
-8.207078	-5.7940936	HG01790	0
-8.751127	-6.21062	HG01791	0
-7.65143	-5.497436	HG01794	0
-8.874142	-6.23712	HG01795	0
-8.008582	-5.8883967	HG01796	0
-8.267829	-5.8002715	HG01797	0
-8.726051	-6.162762	HG01798	0
-8.25509	-5.8709526	HG01799	0
-7.8762507	-5.803263	HG01800	0
-8.693508	-5.968287	HG01801	0
-7.9641294	-5.8923707	HG01802	0
-8.152674	-5.889306	HG01804	0
-8.43751	-6.082828	HG01805	0
-8.859013	-6.268453	HG01806	0
-7.9532843	-5.8380075	HG01807	0
-8.077539	-5.888651	HG01808	0
-8.7535515	-6.175174	HG01809	0
-8.109259	-5.881132	HG01810	0
-7.765959	-5.762179	HG01811	0
-8.222544	-5.981218	HG01812	0
-8.120741	-5.8283086	HG01813	0
-8.213791	-5.947347	HG01815	0
-8.664503	-6.1588397	HG01816	0
-7.984566	-5.9115214	HG01817	0
-8.659531	-6.166234	HG01840	0
-8.80595	-6.1993756	HG01841	0
-8.359168	-5.988436	HG01842	0
-8.172697	-5.8856544	HG01843	0
-8.32125	-5.8141055	HG01844	0
-8.914853	-6.3137794	HG01845	0
-8.306734	-5.9986835	HG01846	0
-8.590221	-5.910818	HG01847	0
-8.6210375	-6.1502666	HG01848	0
-8.372905	-5.871486	HG01849	0
-8.749458	-6.1335344	HG01850	0
-7.6488457	-5.693106	HG01851	0
-8.278512	-5.979525	HG01852	0
-8.32048	-6.021391	HG01853	0
-8.745837	-6.0722766	HG01855	0
-8.476604	-6.100578	HG01857	0
-8.328833	-5.971165	HG01858	0
-8.349833	-6.0569286	HG01859	0
-8.278512	-5.979525	HG01860	0
-8.146394	-5.771791	HG01861	0
-8.6806555	-6.1287827	HG01862	0
-8.436497	-6.001656	HG01863	0
-8.903316	-6.2632666	HG01864	0
-8.408359	-5.9731555	HG01865	0
-7.955901	-5.862086	HG01866	0
-8.413141	-5.9745483	HG01867	0
-8.294833	-5.984231	HG01868	0
-8.06743	-5.7766824	HG01869	0
-8.758055	-6.1700435	HG01870	0
-7.6811028	-5.6716623	HG01871	0
-7.7059746	-5.74097	HG01872	0
-8.359262	-6.02083	HG01873	0
-8.322583	-6.010262	HG01874	0
-8.147635	-5.9279914	HG01878	0
-7.6958876	-5.5279455	HG01879	0
-8.509576	-6.142334	HG01880	0
-7.4653845	-5.39839	HG01882	0
-8.465404	-5.917702	HG01883	0
-7.2801456	-5.5186915	HG01885	0
-7.41681	-5.3609934	HG01886	0
-7.9612865	-5.747582	HG01889	0
-7.3113823	-5.4534936	HG01890	0
-7.8080893	-5.4483724	HG01892	0
-8.50912	-6.057141	HG01893	0
-6.145541	-4.759835	HG01894	0
-7.620861	-5.6419544	HG01896	0
-7.327301	-5.4454694	HG01912	0
-8.630004	-6.230099	HG01914	0
-8.331809	-6.036759	HG01915	0
-8.98327	-6.148201	HG01917	0
-7.746661	-5.5812507	HG01918	0
-7.825878	-5.4847083	HG01920	0
-7.862435	-5.4764895	HG01921	0
-8.890325	-6.325176	HG01923	0
-6.915085	-5.0373893	HG01924	0
-7.880469	-5.5182896	HG01926	0
-8.614168	-6.0682635	HG01927	0
-9.176764	-6.3627286	HG01932	0
-8.218804	-5.76366	HG01933	0
-8.041258	-5.839387	HG01935	0
-8.522188	-6.116925	HG01936	0
-9.267481	-6.542328	HG01938	0
-7.888819	-5.476788	HG01939	0
-7.8178225	-5.4750705	HG01941	0
-7.7368894	-5.5660233	HG01942	0
-6.9731283	-5.004927	HG01944	0
-6.9821873	-5.0384083	HG01945	0
-7.693667	-5.522778	HG01947	0
-7.886994	-5.5705037	HG01948	0
-8.24533	-5.79476	HG01950	0
-7.804418	-5.668161	HG01951	0
-7.8864822	-5.615755	HG01953	0
-9.219566	-6.434672	HG01954	0
-7.21336	-5.378531	HG01956	0
-7.877241	-5.5760036	HG01958	0
-7.888819	-5.476788	HG01961	0
-7.907394	-5.6012073	HG01965	0
-8.411747	-5.8797927	HG01967	0
-8.623385	-6.0489917	HG01968	0
-7.619316	-5.651271	HG01970	0
-8.369753	-5.740683	HG01971	0
-8.726143	-6.058082	HG01973	0
-7.903514	-5.6097984	HG01974	0
-8.188901	-5.960177	HG01976	0
-8.122377	-5.7693267	HG01977	0
-8.932722	-6.1169176	HG01979	0
-8.459	-6.0870304	HG01980	0
-7.8707623	-5.6322684	HG01982	0
-8.053925	-5.957332	HG01985	0
-8.856326	-6.342591	HG01986	0
-9.074927	-6.4034505	HG01988	0
-7.954256	-5.724463	HG01989	0
-7.939007	-5.99039	HG01990	0
-7.808526	-5.4642973	HG01991	0
-9.020337	-6.152258	HG01992	0
-7.719101	-5.5318084	HG01997	0
-7.820562	-5.450937	HG02002	0
-9.2725525	-6.464414	HG02003	0
-8.802237	-6.264127	HG02006	0
-8.477188	-6.1076	HG02008	0
-8.128424	-5.832347	HG02009	0
-7.5838113	-5.6602416	HG02010	0
-7.862201	-5.8880677	HG02012	0
-8.023865	-5.802646	HG02013	0
-7.306903	-5.4302397	HG02014	0
-7.9374714	-5.8197756	HG02016	0
-7.9763184	-5.832746	HG02017	0
-8.526914	-6.089237	HG02019	0
-8.402176	-5.98364	HG02020	0
-8.470012	-6.0339866	HG02023	0
-8.708958	-6.172236	HG02025	0
-8.765861	-6.1553793	HG02026	0
-8.546322	-6.000129	HG02028	0
-8.854074	-6.20299	HG02029	0
-8.513902	-6.1202207	HG02031	0
-8.082424	-5.799952	HG02032	0
-8.195269	-5.9005494	HG02035	0
-8.540795	-6.0050807	HG02040	0
-8.944232	-6.256889	HG02047	0
-8.7309	-6.144515	HG02048	0
-8.80915	-6.1307077	HG02049	0
-7.8115435	-5.6915283	HG02050	0
-7.6824665	-5.561871	HG02051	0
-8.043002	-5.677172	HG02052	0
-7.8114696	-5.78894	HG02053	0
-8.0698395	-5.7704196	HG02054	0
-8.983342	-6.244797	HG02057	0
-8.490226	-6.021434	HG02058	0
-7.7216105	-5.5791802	HG02060	0
-8.149516	-5.9267163	HG02061	0
-8.666391	-6.0113406	HG02064	0
-8.053293	-5.6590495	HG02067	0
-8.219967	-5.984853	HG02069	0
-8.968334	-6.178446	HG02070	0
-8.481758	-6.0403476	HG02072	0
-8.494268	-6.0701165	HG02073	0
-8.779995	-6.1786466	HG02075	0
-8.817464	-6.0800486	HG02076	0
-8.592434	-5.9498305	HG02078	0
-8.687073	-6.1322255	HG02079	0
-8.400864	-5.9031873	HG02081	0
-8.043756	-5.85259	HG02082	0
-8.137014	-5.7204156	HG02084	0
-7.980836	-5.8910613	HG02085	0
-8.402634	-6.0081124	HG02086	0
-8.512468	-6.1444144	HG02087	0
-8.51075	-6.028587	HG02088	0
-8.657932	-6.046107	HG02089	0
-7.8693566	-5.4861903	HG02090	0
-8.118439	-5.7720857	HG02095	0
-7.7843027	-5.5716906	HG02102	0
-8.045846	-5.704764	HG02104	0
-8.402779	-5.814215	HG02105	0
-7.394006	-5.5476284	HG02107	0
-7.2810783	-5.412927	HG02108	0
-7.6532717	-5.7609124	HG02111	0
-8.654946	-5.979709	HG02113	0
-8.19803	-5.8977256	HG02116	0
-8.4462595	-6.005752	HG02121	0
-8.615708	-5.8822093	HG02122	0
-8.150501	-5.7774224	HG02127	0
-8.762502	-6.129173	HG02128	0
-8.464489	-6.0713034	HG02130	0
-8.265696	-5.9257636	HG02131	0
-8.756639	-6.152294	HG02133	0
-8.070503	-5.9213557	HG02134	0
-8.273489	-5.940537	HG02136	0
-8.79704	-6.2010665	HG02137	0
-8.653038	-6.0374956	HG02138	0
-8.624979	-6.0722957	HG02139	0
-8.190512	-5.8843284	HG02140	0
-8.682057	-5.931873	HG02141	0
-8.869146	-6.105959	HG02142	0
-7.5879593	-5.7287793	HG02143	0
-7.6129594	-5.46137	HG02144	0
-7.861716	-5.477511	HG02146	0
-8.995592	-6.1327596	HG02147	0
-7.724728	-5.3669114	HG02150	0
-8.49358	-6.1137185	HG02151	0
-8.399499	-6.022524	HG02152	0
-7.635782	-5.6916013	HG02153	0
-8.77172	-6.2103915	HG02154	0
-8.374725	-5.9824495	HG02155	0
-8.426561	-6.0137467	HG02156	0
-8.843577	-6.1886697	HG02164	0
-8.243247	-5.9295444	HG02165	0
-8.275761	-5.943462	HG02166	0
-7.935563	-5.8163543	HG02178	0
-8.458702	-6.015343	HG02179	0
-8.09661	-5.858914	HG02180	0
-8.215754	-5.9568667	HG02181	0
-8.150151	-5.923712	HG02182	0
-9.121301	-6.3937087	HG02184	0
-8.529584	-6.086853	HG02185	0
-8.471514	-6.045177	HG02186	0
-8.775037	-6.122226	HG02187	0
-8.331675	-6.024486	HG02188	0
-8.313645	-5.9011703	HG02190	0
-8.704188	-6.156446	HG02215	0
-8.221064	-5.9850073	HG02219	0
-8.567759	-6.0776544	HG02220	0
-8.279541	-5.79613	HG02221	0
-8.448384	-5.9552884	HG02223	0
-8.550379	-6.0386453	HG02224	0
-8.592531	-6.055967	HG02230	0
-8.233733	-5.803414	HG02231	0
-8.854223	-6.1236906	HG02232	0
-9.302389	-6.501204	HG02233	0
-8.072707	-5.7174697	HG02235	0
-9.135293	-6.4414515	HG02236	0
-8.972394	-6.3088536	HG02238	0
-9.06125	-6.3639975	HG02239	0
-8.889707	-6.313019	HG02250	0
-7.7381363	-5.3846364	HG02252	0
-8.172335	-5.8592286	HG02253	0
-7.76136	-5.731524	HG02255	0
-8.438324	-6.079225	HG02256	0
-8.299074	-5.746229	HG02259	0
-8.237497	-5.7007356	HG02260	0
-8.885536	-6.119064	HG02262	0
-8.306507	-5.7552323	HG02265	0
-7.808526	-5.4642973	HG02266	0
-7.8918304	-5.5143285	HG02271	0
-8.633674	-6.0661817	HG02272	0
-8.2067175	-5.791254	HG02274	0
-8.563179	-6.10191	HG02275	0
-7.771541	-5.673389	HG02277	0
-9.240576	-6.4325256	HG02278	0
-7.996413	-5.6524835	HG02281	0
-8.206562	-6.01021	HG02282	0
-8.743908	-6.184098	HG02283	0
-8.557367	-6.214293	HG02284	0
-8.325251	-5.7562704	HG02285	0
-7.8635426	-5.556976	HG02286	0
-8.362186	-5.78939	HG02291	0
-7.886628	-5.4623733	HG02292	0
-7.906396	-5.802075	HG02298	0
-8.035153	-5.755809	HG02299	0
-8.305918	-5.840941	HG02301	0
-7.5788994	-5.676479	HG02304	0
-8.174485	-6.0593004	HG02307	0
-7.9885187	-5.9397473	HG02308	0
-8.054538	-5.6020236	HG02309	0
-6.7850714	-5.145658	HG02312	0
-5.879936	-4.5325933	HG02314	0
-8.430148	-6.0411158	HG02315	0
-8.150555	-5.9695163	HG02317	0
-8.366828	-6.0287166	HG02318	0
-8.3768015	-6.1601043	HG02322	0
-6.9888372	-5.0789657	HG02323	0
-6.5380573	-4.91341	HG02325	0
-7.3629866	-5.6985345	HG02330	0
-7.555788	-5.7656703	HG02332	0
-7.9520407	-5.716501	HG02334	0
-7.738881	-5.6788106	HG02337	0
-8.2045965	-6.0220084	HG02339	0
-7.0994587	-5.433475	HG02343	0
-8.679344	-6.1150994	HG02345	0
-8.244064	-5.652429	HG02348	0
-7.620386	-5.6708474	HG02351	0
-8.915455	-6.2697177	HG02353	0
-8.601193	-6.138944	HG02355	0
-8.21851	-5.95797	HG02356	0
-7.843869	-5.79647	HG02360	0
-8.7361	-6.165975	HG02364	0
-8.6988325	-6.165466	HG02367	0
-8.169278	-5.803291	HG02371	0
-8.178044	-5.964971	HG02373	0
-8.391129	-5.9865375	HG02374	0
-8.817234	-6.2676415	HG02375	0
-8.8849945	-6.2697473	HG02379	0
-8.725853	-6.1461053	HG02380	0
-8.830316	-6.255499	HG02382	0
-8.420891	-6.0259204	HG02383	0
-8.0413	-5.8373885	HG02384	0
-8.753029	-6.1614766	HG02385	0
-8.038732	-5.8589807	HG02386	0
-8.867685	-6.180943	HG02389	0
-7.582015	-5.7308717	HG02390	0
-8.3930235	-6.065644	HG02391	0
-8.368473	-6.019592	HG02392	0
-8.236974	-5.806143	HG02394	0
-8.193475	-5.90379	HG02395	0
-8.384077	-6.014837	HG02396	0
-8.501657	-6.1065373	HG02397	0
-7.771049	-5.5708413	HG02398	0
-7.7892933	-5.7419076	HG02399	0
-7.937417	-5.826223	HG02401	0
-8.7096195	-6.0514526	HG02402	0
-8.28119	-5.839911	HG02406	0
-8.719575	-6.210463	HG02407	0
-8.067154	-5.713136	HG02408	0
-8.425445	-5.997729	HG02409	0
-8.785501	-6.1489506	HG02410	0
-8.455677	-5.8561587	HG02419	0
-8.181541	-5.9956603	HG02420	0
-7.33041	-5.392407	HG02425	0
-8.152683	-6.04553	HG02427	0
-7.6052723	-5.623014	HG02429	0
-8.436794	-6.0596957	HG02433	0
-7.5501385	-5.767619	HG02439	0
-8.34169	-6.0981765	HG02442	0
-7.69314	-5.783499	HG02445	0
-7.1728773	-5.203054	HG02449	0
-7.3940587	-5.3681283	HG02450	0
-8.011166	-5.7947545	HG02455	0
-7.893999	-5.537148	HG02461	0
-7.5521507	-5.580439	HG02462	0
-7.4946814	-5.482005	HG02464	0
-8.488592	-6.0257297	HG02465	0
-7.794486	-5.731931	HG02470	0
-8.030021	-5.907573	HG02471	0
-7.316183	-5.106532	HG02476	0
-7.5273046	-5.7294292	HG02477	0
-7.610111	-5.6346707	HG02479	0
-7.870303	-5.8255553	HG02481	0
-8.453268	-6.040561	HG02484	0
-8.562807	-5.974422	HG02485	0
-8.301382	-6.106356	HG02489	0
-8.454493	-5.9924226	HG02490	0
-8.65689	-5.9385524	HG02491	0
-8.347494	-5.889894	HG02493	0
-8.693651	-6.0948052	HG02494	0
-7.8134584	-5.7924457	HG02496	0
-8.445137	-6.12905	HG02497	0
-8.424699	-6.169281	HG02501	0
-8.264337	-5.8505874	HG02502	0
-7.966454	-5.9692283	HG02505	0
-7.8640413	-5.782419	HG02508	0
-7.422118	-5.6177278	HG02511	0
-8.453727	-6.0725036	HG02512	0
-9.055134	-6.2773204	HG02513	0
-8.199566	-5.820216	HG02521	0
-8.769094	-6.165525	HG02522	0
-6.5525427	-4.915831	HG02536	0
-7.55445	-5.7607226	HG02537	0
-7.705549	-5.4971786	HG02541	0
-8.924698	-6.337551	HG02545	0
-8.92257	-6.356711	HG02546	0
-7.992801	-5.7331395	HG02549	0
-7.3753347	-5.627671	HG02554	0
-8.59202	-6.1179113	HG02555	0
-7.2247515	-5.373778	HG02557	0
-8.04355	-5.9016557	HG02558	0
-7.3366823	-5.5123224	HG02561	0
-6.967082	-5.334032	HG02562	0
-8.467242	-6.0902123	HG02568	0
-7.725009	-5.7564154	HG02570	0
-6.9395347	-4.9923983	HG02571	0
-7.979268	-5.9340167	HG02573	0
-8.102236	-5.8544145	HG02574	0
-7.576617	-5.2738676	HG02577	0
-7.4767194	-5.6060915	HG02580	0
-7.488479	-5.6159725	HG02582	0
-8.512878	-6.191459	HG02583	0
-8.113174	-5.743478	HG02585	0
-6.6741524	-5.1415157	HG02586	0
-8.104086	-5.817514	HG02588	0
-6.9712834	-5.0336566	HG02589	0
-7.996249	-5.826869	HG02594	0
-7.332817	-5.478188	HG02595	0
-8.062679	-5.726929	HG02597	0
-8.506974	-5.9481063	HG02600	0
-8.823845	-6.2473426	HG02601	0
-8.854394	-6.220076	HG02603	0
-9.120373	-6.367863	HG02604	0
-8.323227	-5.8712325	HG02610	0
-8.197195	-5.9596953	HG02611	0
-8.412825	-6.012736	HG02613	0
-7.8730783	-5.7818527	HG02614	0
-8.028091	-5.8375688	HG02620	0
-7.313276	-5.6140428	HG02621	0
-8.626663	-6.071243	HG02623	0
-6.843563	-5.1513	HG02624	0
-6.5202913	-5.0025477	HG02628	0
-8.078818	-5.848557	HG02629	0
-6.047555	-4.5641313	HG02634	0
-8.305939	-5.995106	HG02635	0
-8.574995	-6.0862393	HG02642	0
-7.558791	-5.534844	HG02643	0
-8.119131	-5.956804	HG02645	0
-7.806483	-5.7690988	HG02646	0
-9.233479	-6.4653883	HG02648	0
-9.071861	-6.3125257	HG02649	0
-7.534555	-5.5539694	HG02651	0
-8.978086	-6.23988	HG02652	0
-8.79686	-6.2421093	HG02654	0
-8.787483	-6.2536974	HG02655	0
-8.956725	-6.2521777	HG02657	0
-8.7882595	-6.2718577	HG02658	0
-8.750649	-6.151171	HG02660	0
-8.642246	-6.0949254	HG02661	0
-7.243581	-5.206201	HG02666	0
-8.269911	-6.0284886	HG02667	0
-6.4573946	-4.8442063	HG02675	0
-8.720404	-6.2188153	HG02676	0
-8.642173	-6.224955	HG02678	0
-7.1078367	-5.2980666	HG02679	0
-8.42609	-6.132076	HG02681	0
-8.82871	-6.273582	HG02682	0
-8.499443	-6.0158486	HG02684	0
-7.6261024	-5.569244	HG02685	0
-9.371326	-6.509537	HG02687	0
-8.226743	-5.9011493	HG02688	0
-7.9293957	-5.750854	HG02690	0
-8.901098	-6.2708125	HG02691	0
-8.414657	-5.9939475	HG02694	0
-8.468619	-6.0270343	HG02696	0
-9.104473	-6.403774	HG02697	0
-9.250034	-6.483848	HG02699	0
-8.344311	-5.9293275	HG02700	0
-8.571569	-6.1786127	HG02702	0
-7.6479397	-5.5648446	HG02703	0
-7.1862373	-5.579233	HG02715	0
-7.9528446	-5.733562	HG02716	0
-8.174633	-5.9805503	HG02721	0
-8.1427355	-5.8489165	HG02722	0
-7.9711447	-5.8171716	HG02724	0
-8.417624	-5.9611573	HG02725	0
-8.45159	-6.150439	HG02727	0
-8.855828	-6.229246	HG02728	0
-8.182068	-5.882172	HG02731	0
-7.95693	-5.98484	HG02733	0
-8.825581	-6.205571	HG02734	0
-8.060255	-5.737946	HG02736	0
-8.392821	-5.922622	HG02737	0
-8.360107	-5.7998447	HG02756	0
-8.000901	-5.805925	HG02757	0
-8.0011015	-5.910646	HG02759	0
-7.4642982	-5.54571	HG02760	0
-5.85452	-4.4938273	HG02763	0
-7.78786	-5.797588	HG02768	0
-6.611906	-5.0843854	HG02769	0
-8.245289	-6.005895	HG02771	0
-8.381718	-6.228398	HG02772	0
-9.240287	-6.5000367	HG02774	0
-8.873173	-6.304612	HG02775	0
-8.234884	-5.7964654	HG02778	0
-7.949484	-5.5059814	HG02780	0
-8.562822	-5.954993	HG02783	0
-8.61631	-6.058863	HG02784	0
-8.9847	-6.292075	HG02786	0
-8.810774	-6.2093363	HG02787	0
-9.2619295	-6.4870605	HG02789	0
-8.605833	-6.108441	HG02790	0
-8.482412	-5.9545712	HG02792	0
-9.169474	-6.446628	HG02793	0
-6.9192057	-5.382405	HG02798	0
-6.8299294	-5.3433123	HG02799	0
-8.424495	-6.00983	HG02804	0
-7.448242	-5.6914945	HG02805	0
-8.446772	-6.129394	HG02807	0
-7.710313	-5.8081527	HG02808	0
-7.6703672	-5.4813795	HG02810	0
-8.187951	-6.000274	HG02811	0
-7.849734	-5.637619	HG02813	0
-7.802756	-5.7567887	HG02814	0
-7.585871	-5.7401257	HG02816	0
-8.211958	-5.8872204	HG02817	0
-7.093967	-5.2328334	HG02819	0
-8.641694	-6.2937407	HG02820	0
-7.895379	-5.869911	HG02836	0
-8.165667	-6.100311	HG02837	0
-8.303902	-6.133319	HG02839	0
-7.485589	-5.720705	HG02840	0
-7.573973	-5.3042836	HG02851	0
-8.260006	-5.936131	HG02852	0
-6.7252493	-4.8284698	HG02854	0
-7.865075	-5.8208632	HG02855	0
-8.257071	-6.026321	HG02860	0
-8.194444	-5.924235	HG02861	0
-8.405109	-5.854609	HG02870	0
-8.004682	-5.7671347	HG02878	0
-8.234344	-5.946541	HG02879	0
-7.676793	-5.775635	HG02881	0
-8.211013	-5.9499955	HG02882	0
-7.3608093	-5.683129	HG02884	0
-7.6707745	-5.7223887	HG02885	0
-8.676566	-6.258138	HG02887	0
-7.9398713	-5.900439	HG02888	0
-8.352055	-5.8134418	HG02890	0
-8.300688	-5.854112	HG02891	0
-8.368047	-6.125709	HG02895	0
-7.828583	-5.590533	HG02896	0
-7.8236427	-5.6788783	HG02922	0
-8.272502	-5.9834023	HG02923	0
-8.077786	-6.0623164	HG02938	0
-8.19502	-5.940533	HG02941	0
-7.7415504	-5.617639	HG02943	0
-8.003121	-5.9711256	HG02944	0
-7.3020906	-5.352121	HG02946	0
-5.6511555	-4.4694667	HG02947	0
-8.198521	-5.8619895	HG02952	0
-8.027582	-5.971152	HG02953	0
-8.173845	-5.9053936	HG02968	0
-7.693372	-5.7775006	HG02970	0
-7.4064856	-5.67022	HG02971	0
-7.1263714	-5.0065446	HG02973	0
-7.804283	-5.6167336	HG02974	0
-7.910865	-5.8316436	HG02976	0
-6.9295034	-5.1977167	HG02977	0
-4.9467173	-3.8003116	HG02979	0
-7.599331	-5.649283	HG02981	0
-8.163231	-5.96714	HG02982	0
-7.9158225	-5.5587697	HG02983	0
-8.940489	-6.1820183	HG03006	0
-8.767273	-6.2105207	HG03007	0
-8.840591	-6.1144643	HG03009	0
-9.212197	-6.4115386	HG03012	0
-7.6100397	-5.5154414	HG03015	0
-9.097509	-6.3749723	HG03016	0
-9.068825	-6.287992	HG03018	0
-8.682915	-6.170739	HG03019	0
-8.638326	-6.0567307	HG03021	0
-9.296634	-6.4768214	HG03022	0
-8.046423	-6.0222	HG03024	0
-7.344777	-5.144369	HG03025	0
-6.402398	-5.0777335	HG03027	0
-8.2483635	-5.85562	HG03028	0
-7.9492083	-6.003098	HG03039	0
-8.582603	-6.197405	HG03040	0
-7.770108	-5.7697453	HG03045	0
-7.1652617	-5.1809316	HG03046	0
-8.388681	-6.071731	HG03048	0
-5.2159	-4.027991	HG03049	0
-8.208148	-6.0180593	HG03052	0
-7.2969613	-5.6693482	HG03054	0
-7.9936647	-5.840431	HG03055	0
-8.087021	-5.7883897	HG03057	0
-8.00147	-5.959124	HG03058	0
-8.146564	-6.059671	HG03060	0
-8.437784	-5.9936047	HG03061	0
-7.804314	-5.947614	HG03063	0
-8.049826	-6.008676	HG03064	0
-7.783488	-5.62235	HG03066	0
-6.819171	-5.1924214	HG03069	0
-8.085989	-6.0700345	HG03072	0
-6.619063	-4.960443	HG03073	0
-8.51573	-6.107099	HG03074	0
-7.545076	-5.7312145	HG03077	0
-7.5789404	-5.8684053	HG03078	0
-8.36727	-6.0610046	HG03079	0
-6.983864	-5.121377	HG03081	0
-7.7443113	-5.8612666	HG03082	0
-8.510372	-6.167331	HG03084	0
-7.487749	-5.4051547	HG03085	0
-7.2384977	-5.5968184	HG03086	0
-8.204316	-5.899751	HG03088	0
-6.872966	-5.012057	HG03091	0
-7.6811867	-5.638681	HG03095	0
-7.7288966	-5.7226005	HG03096	0
-8.318546	-5.98023	HG03097	0
-8.382977	-6.042629	HG03099	0
-7.798197	-5.727511	HG03100	0
-8.231414	-5.998525	HG03103	0
-8.0615835	-5.6380277	HG03105	0
-8.034172	-5.871065	HG03108	0
-7.9184804	-5.6224456	HG03109	0
-7.2663584	-5.6178794	HG03111	0
-8.043836	-5.6732674	HG03112	0
-8.432677	-6.153267	HG03114	0
-6.768821	-4.9692454	HG03115	0
-8.116817	-5.997025	HG03117	0
-8.364058	-5.8706	HG03118	0
-8.139857	-5.965506	HG03120	0
-8.319319	-6.0559196	HG03121	0
-7.769004	-5.5651364	HG03123	0
-6.720708	-4.9210763	HG03124	0
-7.896323	-5.886009	HG03126	0
-7.9772387	-5.838421	HG03127	0
-8.002213	-5.81958	HG03129	0
-8.457172	-5.9394135	HG03130	0
-8.304924	-5.9129014	HG03132	0
-7.7202063	-5.7034287	HG03133	0
-7.628757	-5.4788337	HG03135	0
-7.347448	-5.5506873	HG03136	0
-8.244559	-6.00556	HG03139	0
-8.462919	-5.974857	HG03157	0
-7.5847354	-5.313211	HG03159	0
-7.7864246	-5.5624146	HG03160	0
-7.947282	-5.564378	HG03162	0
-6.7363367	-5.161304	HG03163	0
-7.9636745	-5.89693	HG03166	0
-8.319695	-6.0687013	HG03168	0
-7.5539746	-5.6213923	HG03169	0
-8.332888	-6.121242	HG03172	0
-7.999671	-5.9614058	HG03175	0
-7.343934	-5.5749216	HG03189	0
-6.313884	-4.9457717	HG03190	0
-7.6341076	-5.526889	HG03193	0
-8.157718	-5.9390845	HG03195	0
-7.0148525	-4.961161	HG03196	0
-7.8935957	-5.651277	HG03198	0
-7.807336	-5.809646	HG03199	0
-7.743457	-5.3133397	HG03202	0
-7.5906763	-5.6232767	HG03209	0
-8.117714	-5.7561984	HG03212	0
-6.5766654	-5.120388	HG03224	0
-8.264895	-6.01897	HG03225	0
-8.084809	-5.8962073	HG03228	0
-8.910671	-6.185573	HG03229	0
-9.166895	-6.3999043	HG03234	0
-8.172518	-5.91215	HG03235	0
-9.303997	-6.5214343	HG03237	0
-5.9417896	-4.5181518	HG03238	0
-8.172488	-6.036249	HG03240	0
-8.001892	-5.838861	HG03241	0
-7.201851	-5.268118	HG03246	0
-7.895049	-5.923086	HG03247	0
-7.491941	-5.751482	HG03258	0
-8.112625	-5.972648	HG03259	0
-8.42667	-6.0640006	HG03265	0
-7.1443934	-5.253264	HG03267	0
-7.823693	-5.873162	HG03268	0
-7.86055	-5.7393785	HG03270	0
-8.640957	-6.1372266	HG03271	0
-7.9511356	-5.6106935	HG03279	0
-7.3965254	-5.534776	HG03280	0
-8.151049	-5.894899	HG03291	0
-7.5638447	-5.705976	HG03294	0
-7.7577696	-5.818107	HG03295	0
-5.994144	-4.618624	HG03297	0
-7.3462462	-5.4477086	HG03298	0
-8.585048	-6.1279917	HG03300	0
-7.2359686	-5.496286	HG03301	0
-8.685022	-6.2078023	HG03303	0
-7.1641746	-5.354576	HG03304	0
-8.333201	-5.990977	HG03311	0
-8.157743	-6.0535116	HG03313	0
-8.071121	-5.688666	HG03342	0
-8.84085	-6.3050556	HG03343	0
-7.0932436	-5.127408	HG03351	0
-8.603815	-6.2018185	HG03352	0
-8.530875	-5.944082	HG03354	0
-7.979321	-5.777783	HG03363	0
-8.156542	-5.8204255	HG03366	0
-8.197089	-5.8728437	HG03367	0
-7.778789	-5.808169	HG03369	0
-6.9591446	-4.857593	HG03370	0
-7.7429314	-5.641291	HG03372	0
-7.941777	-6.0187936	HG03376	0
-6.410501	-4.952743	HG03378	0
-8.203135	-5.9340096	HG03380	0
-8.002383	-6.0651083	HG03382	0
-8.11185	-5.893235	HG03385	0
-7.4458923	-5.623072	HG03388	0
-7.98455	-5.947595	HG03391	0
-8.087636	-5.9725223	HG03394	0
-8.373426	-6.0317264	HG03397	0
-7.36774	-5.7310123	HG03401	0
-7.9470253	-5.6830225	HG03410	0
-8.495262	-6.1379523	HG03419	0
-8.8960085	-6.276359	HG03428	0
-8.0963745	-5.894841	HG03432	0
-8.197433	-5.8595414	HG03433	0
-6.897622	-5.1750865	HG03436	0
-6.255372	-4.647979	HG03437	0
-8.548769	-6.1500144	HG03439	0
-8.230466	-5.991526	HG03442	0
-7.9167337	-5.8129315	HG03445	0
-7.756906	-5.705143	HG03446	0
-7.582431	-5.5720067	HG03449	0
-7.3575444	-5.35621	HG03451	0
-7.1929474	-4.994237	HG03452	0
-7.656728	-5.7662177	HG03455	0
-7.1745434	-5.2961593	HG03457	0
-8.479792	-6.103761	HG03458	0
-8.764694	-6.1640244	HG03460	0
-8.018928	-5.8699775	HG03461	0
-7.613169	-5.735258	HG03464	0
-8.585616	-6.2051272	HG03469	0
-8.232077	-6.0077996	HG03470	0
-7.777197	-5.681334	HG03472	0
-6.8939314	-4.8748565	HG03473	0
-7.211835	-5.4181943	HG03476	0
-7.83832	-5.676595	HG03478	0
-8.835993	-6.2583137	HG03479	0
-8.243062	-5.951245	HG03484	0
-8.5327835	-6.1238437	HG03485	0
-7.948068	-5.6511965	HG03488	0
-6.959035	-5.0441856	HG03490	0
-8.617895	-5.9868894	HG03491	0
-6.3622065	-4.967953	HG03499	0
-7.9748135	-5.812555	HG03511	0
-8.095882	-6.092192	HG03514	0
-7.609458	-5.542466	HG03515	0
-8.574244	-6.1918764	HG03517	0
-8.477031	-6.081718	HG03518	0
-7.563383	-5.4691806	HG03520	0
-7.8496737	-5.6972804	HG03521	0
-7.582637	-5.711004	HG03538	0
-8.086317	-6.0085034	HG03539	0
-8.279815	-6.026038	HG03547	0
-7.138804	-4.9297705	HG03548	0
-6.697693	-5.191676	HG03556	0
-7.496953	-5.702931	HG03557	0
-7.6902943	-5.5653095	HG03558	0
-8.403418	-5.956063	HG03559	0
-7.564663	-5.759168	HG03563	0
-7.3120065	-5.5015283	HG03565	0
-7.736509	-5.7253013	HG03567	0
-7.8232617	-5.906285	HG03571	0
-7.4660645	-5.6191297	HG03572	0
-8.305075	-6.1440897	HG03575	0
-7.9233685	-5.7843127	HG03577	0
-8.072863	-5.909893	HG03578	0
-7.9350414	-5.8134503	HG03583	0
-8.331508	-5.8138013	HG03585	0
-8.719442	-6.1102214	HG03589	0
-9.176758	-6.3864675	HG03593	0
-8.49412	-5.9490905	HG03594	0
-8.329505	-5.929706	HG03595	0
-8.993399	-6.2880163	HG03598	0
-8.224206	-5.9750495	HG03600	0
-8.5856285	-5.9422035	HG03603	0
-8.8607645	-6.0948825	HG03604	0
-8.656121	-6.1256366	HG03607	0
-8.708381	-6.1545115	HG03611	0
-8.6280155	-6.002785	HG03615	0
-8.533062	-6.0220547	HG03616	0
-8.912766	-6.2461686	HG03619	0
-7.949563	-5.7396092	HG03624	0
-8.174899	-5.97123	HG03625	0
-8.090278	-5.770764	HG03629	0
-8.9873	-6.2065473	HG03631	0
-8.537077	-6.085958	HG03634	0
-8.529217	-5.9114633	HG03636	0
-7.4696445	-5.4692583	HG03640	0
-8.689868	-6.0728765	HG03642	0
-8.190959	-5.845012	HG03643	0
-9.103569	-6.3923335	HG03644	0
-9.285656	-6.4569907	HG03645	0
-8.721406	-6.1106133	HG03646	0
-9.294733	-6.4922414	HG03649	0
-8.308481	-5.9352736	HG03652	0
-8.987532	-6.406688	HG03653	0
-8.461496	-6.007296	HG03660	0
-8.478427	-5.992348	HG03663	0
-8.853962	-6.225327	HG03667	0
-8.471177	-5.876472	HG03668	0
-8.893587	-6.246792	HG03672	0
-8.342984	-5.867373	HG03673	0
-8.756136	-6.041494	HG03679	0
-8.98707	-6.221934	HG03680	0
-8.793673	-6.164369	HG03681	0
-8.00157	-5.7588444	HG03684	0
-8.427561	-5.9994063	HG03685	0
-9.010314	-6.3476396	HG03686	0
-8.707579	-6.154608	HG03687	0
-8.058706	-5.5075073	HG03689	0
-8.585078	-6.021754	HG03690	0
-8.528239	-6.033044	HG03691	0
-8.988006	-6.4073524	HG03692	0
-8.870468	-6.2445455	HG03693	0
-9.155503	-6.401151	HG03694	0
-8.669897	-6.146813	HG03695	0
-8.678627	-6.1236243	HG03696	0
-8.723759	-6.1338634	HG03697	0
-8.939175	-6.303304	HG03698	0
-8.398858	-6.0711465	HG03702	0
-8.549149	-6.0641003	HG03703	0
-9.39411	-6.524763	HG03705	0
-8.719761	-6.1575394	HG03706	0
-8.856752	-6.2891273	HG03708	0
-8.838665	-6.243881	HG03709	0
-8.37504	-5.940101	HG03711	0
-9.274655	-6.475184	HG03713	0
-7.821273	-5.758085	HG03714	0
-8.594376	-6.151687	HG03716	0
-8.624114	-6.097591	HG03717	0
-7.7404213	-5.580368	HG03718	0
-8.65922	-6.1488814	HG03720	0
-9.354704	-6.5665164	HG03722	0
-8.622516	-6.111295	HG03727	0
-7.9860697	-5.820393	HG03729	0
-8.686838	-6.079634	HG03730	0
-8.618457	-6.0182757	HG03731	0
-8.251608	-5.9140887	HG03733	0
-7.4554563	-5.4872303	HG03736	0
-8.735252	-6.060081	HG03738	0
-9.184727	-6.402543	HG03740	0
-8.774449	-6.1117964	HG03741	0
-8.252159	-5.911758	HG03742	0
-8.605968	-6.038544	HG03743	0
-8.610222	-6.057871	HG03744	0
-8.902622	-6.24744	HG03745	0
-8.58107	-5.9204016	HG03746	0
-9.155831	-6.349747	HG03750	0
-8.723433	-6.000806	HG03752	0
-9.08405	-6.189129	HG03753	0
-8.7370615	-6.0598636	HG03754	0
-8.897212	-6.294979	HG03755	0
-9.184664	-6.3785367	HG03756	0
-8.830155	-6.039512	HG03757	0
-9.0870075	-6.3511143	HG03760	0
-8.911186	-6.289101	HG03762	0
-8.464243	-5.971796	HG03765	0
-9.234518	-6.456183	HG03767	0
-9.224998	-6.496653	HG03770	0
-8.495335	-6.046683	HG03771	0
-8.45947	-5.9919643	HG03772	0
-9.228368	-6.438582	HG03773	0
-9.157237	-6.404778	HG03774	0
-7.193775	-5.383851	HG03775	0
-8.804292	-6.102365	HG03777	0
-9.263174	-6.5315213	HG03778	0
-8.819557	-6.3268228	HG03779	0
-7.806986	-5.721399	HG03780	0
-8.719052	-6.1651835	HG03781	0
-7.7415695	-5.710237	HG03782	0
-8.778252	-5.9978566	HG03784	0
-8.43685	-5.9846244	HG03785	0
-8.429306	-6.1050305	HG03786	0
-8.810178	-6.1366615	HG03787	0
-9.181733	-6.427566	HG03788	0
-8.542125	-6.1201763	HG03789	0
-8.509363	-5.8783317	HG03790	0
-9.377378	-6.547611	HG03792	0
-7.4535594	-5.5330386	HG03793	0
-8.586796	-5.9728274	HG03796	0
-8.361628	-6.0168376	HG03800	0
-8.901913	-6.2492723	HG03802	0
-8.689421	-6.0829487	HG03803	0
-8.277846	-5.8205495	HG03805	0
-8.484042	-6.113713	HG03808	0
-8.066954	-5.8392596	HG03809	0
-9.182104	-6.397034	HG03812	0
-8.510492	-6.1120033	HG03814	0
-8.58881	-5.921657	HG03815	0
-8.853862	-6.2936664	HG03817	0
-9.231794	-6.50397	HG03821	0
-9.199275	-6.440547	HG03823	0
-8.746948	-6.167459	HG03824	0
-8.410706	-5.8974357	HG03826	0
-8.803193	-6.112181	HG03829	0
-8.583433	-6.081041	HG03830	0
-8.065407	-5.776577	HG03832	0
-9.262874	-6.4714913	HG03833	0
-9.270219	-6.4688067	HG03836	0
-8.89966	-6.2943645	HG03837	0
-8.587409	-6.040815	HG03838	0
-8.613674	-6.139508	HG03844	0
-8.430622	-5.96983	HG03846	0
-8.26613	-5.9138956	HG03848	0
-9.273105	-6.362551	HG03849	0
-9.082899	-6.2200193	HG03850	0
-8.224957	-5.902505	HG03851	0
-9.200244	-6.4317	HG03854	0
-9.145345	-6.3994975	HG03856	0
-8.92033	-6.148845	HG03857	0
-8.49506	-5.9277015	HG03858	0
-8.588617	-6.1255774	HG03861	0
-8.407789	-5.984741	HG03862	0
-8.973997	-6.3047605	HG03863	0
-8.429699	-5.8321443	HG03864	0
-9.301924	-6.5074368	HG03866	0
-9.303032	-6.486654	HG03867	0
-8.828693	-6.1087565	HG03868	0
-8.613037	-6.0347733	HG03869	0
-9.075379	-6.307772	HG03870	0
-8.674897	-6.0759945	HG03871	0
-9.296577	-6.4662547	HG03872	0
-8.46377	-5.9530807	HG03873	0
-9.093713	-6.300162	HG03874	0
-8.438198	-6.1382327	HG03875	0
-9.264871	-6.4715743	HG03882	0
-9.053978	-6.267278	HG03884	0
-8.00253	-5.990605	HG03885	0
-7.7760262	-5.7169433	HG03886	0
-8.537041	-6.0551195	HG03887	0
-8.227207	-5.7956233	HG03888	0
-8.935604	-6.2294116	HG03890	0
-7.1266212	-5.225529	HG03894	0
-7.40627	-5.217605	HG03895	0
-9.296577	-6.4662547	HG03896	0
-9.122606	-6.353413	HG03897	0
-7.97409	-5.6597037	HG03898	0
-8.306449	-5.981482	HG03899	0
-8.471958	-6.0115438	HG03900	0
-8.339577	-5.9731126	HG03902	0
-9.140444	-6.386827	HG03905	0
-9.33662	-6.4786143	HG03907	0
-8.754054	-6.0578065	HG03908	0
-8.784684	-6.2122808	HG03910	0
-8.745653	-6.1417303	HG03911	0
-9.020276	-6.3200703	HG03913	0
-7.689439	-5.511296	HG03914	0
-8.325103	-5.882483	HG03916	0
-8.190057	-5.777494	HG03917	0
-8.911133	-6.384561	HG03919	0
-8.559014	-6.082274	HG03920	0
-8.132683	-6.0301356	HG03922	0
-8.916069	-6.29975	HG03925	0
-9.145351	-6.3772244	HG03926	0
-9.271897	-6.4502892	HG03928	0
-8.643517	-6.2148294	HG03931	0
-9.127287	-6.353459	HG03934	0
-8.595423	-6.1041265	HG03937	0
-9.014042	-6.2841725	HG03940	0
-9.103017	-6.3316383	HG03941	0
-7.5083456	-5.5385747	HG03943	0
-8.667177	-6.1617446	HG03944	0
-8.345768	-5.902767	HG03945	0
-8.95036	-6.285796	HG03947	0
-9.315273	-6.484527	HG03949	0
-8.141757	-5.8081584	HG03950	0
-9.324923	-6.5017104	HG03951	0
-8.294703	-6.089353	HG03953	0
-7.3398066	-5.438412	HG03955	0
-9.118845	-6.386891	HG03960	0
-8.731096	-5.9872904	HG03963	0
-7.58559	-5.531795	HG03965	0
-8.841846	-6.2855105	HG03967	0
-8.433808	-6.0129743	HG03968	0
-9.029015	-6.20316	HG03969	0
-8.937533	-6.1819253	HG03971	0
-8.462754	-6.0230603	HG03973	0
-8.496024	-5.886728	HG03974	0
-9.164376	-6.2893195	HG03976	0
-8.69464	-6.1761303	HG03977	0
-8.511839	-6.107791	HG03978	0
-8.960104	-6.3003135	HG03985	0
-8.194175	-5.9426484	HG03986	0
-9.078945	-6.315247	HG03989	0
-9.296577	-6.4662547	HG03990	0
-9.15865	-6.4223876	HG03991	0
-8.746949	-6.225306	HG03995	0
-7.988494	-5.66968	HG03998	0
-8.652338	-6.146399	HG03999	0
-7.471139	-5.431689	HG04001	0
-8.369614	-5.9849763	HG04002	0
-8.570699	-6.105555	HG04003	0
-8.422	-5.94465	HG04006	0
-8.664656	-6.130259	HG04014	0
-8.88933	-6.2433867	HG04015	0
-8.486624	-6.1522603	HG04017	0
-8.309613	-6.0057726	HG04018	0
-9.294996	-6.5312133	HG04019	0
-7.8562694	-5.6119266	HG04020	0
-8.269151	-5.9335504	HG04022	0
-8.42075	-5.9390526	HG04023	0
-8.679928	-6.0748634	HG04025	0
-9.098829	-6.3722715	HG04026	0
-8.244221	-5.815002	HG04029	0
-7.7612095	-5.4285927	HG04033	0
-8.595214	-6.042277	HG04035	0
-8.474041	-5.99752	HG04038	0
-7.726903	-5.5100503	HG04039	0
-8.738589	-6.161513	HG04042	0
-8.39089	-5.867273	HG04047	0
-8.475379	-5.8807425	HG04054	0
-8.735758	-6.1123137	HG04056	0
-9.385128	-6.5484376	HG04059	0
-7.8581266	-5.6496296	HG04060	0
-8.816067	-6.175833	HG04061	0
-8.411861	-5.908692	HG04062	0
-8.023989	-5.678838	HG04063	0
-9.059635	-6.327187	HG04070	0
-7.5354967	-5.439441	HG04075	0
-9.221658	-6.276035	HG04076	0
-8.291393	-5.8920307	HG04080	0
-9.037156	-6.2514167	HG04090	0
-8.847548	-6.2552247	HG04093	0
-9.081023	-6.4708443	HG04094	0
-8.280786	-5.957915	HG04096	0
-7.92041	-5.6137385	HG04098	0
-9.126055	-6.2933946	HG04099	0
-9.250571	-6.3289313	HG04100	0
-8.812462	-6.0784793	HG04106	0
-8.446675	-6.0504775	HG04107	0
-8.341405	-5.8274074	HG04118	0
-9.144598	-6.40288	HG04131	0
-8.757209	-6.2238173	HG04134	0
-8.690649	-6.064462	HG04140	0
-8.665356	-6.1329923	HG04141	0
-8.774693	-6.317186	HG04144	0
-8.973799	-6.2266335	HG04146	0
-8.9185915	-6.2712083	HG04152	0
-8.802214	-6.298058	HG04153	0
-8.2885685	-5.9742684	HG04155	0
-8.667019	-6.098149	HG04156	0
-9.104551	-6.3586926	HG04158	0
-8.451141	-5.9478354	HG04159	0
-8.4903	-6.0018516	HG04161	0
-8.890884	-6.308004	HG04162	0
-8.366344	-5.964988	HG04164	0
-8.796318	-6.253803	HG04171	0
-9.140092	-6.3716407	HG04173	0
-8.958146	-6.1590753	HG04176	0
-9.078491	-6.323479	HG04177	0
-7.821513	-5.623795	HG04180	0
-8.727084	-6.217526	HG04182	0
-9.139134	-6.3760247	HG04183	0
-8.942265	-6.2513556	HG04185	0
-8.294505	-5.911824	HG04186	0
-7.9394274	-5.6579576	HG04188	0
-8.326679	-5.923599	HG04189	0
-9.2538805	-6.5178604	HG04194	0
-8.071477	-5.79786	HG04195	0
-8.145289	-5.7635107	HG04198	0
-8.460867	-5.9662623	HG04200	0
-9.315236	-6.51035	HG04202	0
-8.757788	-6.180775	HG04206	0
-8.617625	-6.097564	HG04209	0
-8.794906	-6.2004595	HG04210	0
-8.974565	-6.2558627	HG04211	0
-9.085106	-6.320415	HG04212	0
-8.898803	-6.290327	HG04214	0
-9.312309	-6.516082	HG04216	0
-7.7439203	-5.617138	HG04219	0
-9.218759	-6.5165915	HG04222	0
-8.6393175	-6.082339	HG04225	0
-8.934023	-6.266912	HG04227	0
-8.978544	-6.3193936	HG04229	0
-8.707451	-6.160751	HG04235	0
-9.261253	-6.4730315	HG04238	0
-9.127158	-6.415583	HG04239	0
-7.9434004	-5.7997546	NA06984	0
-8.522644	-6.0493236	NA06985	0
-8.306653	-5.938425	NA06986	0
-6.9684076	-5.1670594	NA06989	0
-7.3314686	-5.3954644	NA06994	0
-7.842188	-5.733516	NA07000	0
-9.261802	-6.4594545	NA07037	0
-8.627958	-5.9395757	NA07048	0
-7.643547	-5.647325	NA07051	0
-7.8291607	-5.7613397	NA07056	0
-8.383234	-6.035107	NA07347	0
-8.760571	-6.221991	NA07357	0
-7.2763987	-5.4153156	NA10847	0
-7.8321314	-5.545975	NA10851	0
-7.9706144	-5.729997	NA11829	0
-8.711989	-6.196199	NA11830	0
-7.9493923	-5.6204047	NA11831	0
-8.928927	-6.195371	NA11832	0
-7.827206	-5.6193995	NA11840	0
-8.524534	-5.8956017	NA11843	0
-7.3426275	-5.4131913	NA11881	0
-8.280779	-5.98848	NA11892	0
-8.897259	-6.2708244	NA11893	0
-7.395149	-5.4387875	NA11894	0
-7.6860332	-5.653169	NA11918	0
-7.5678663	-5.623921	NA11919	0
-8.858955	-6.2375607	NA11920	0
-8.414335	-6.025556	NA11930	0
-8.214046	-5.887301	NA11931	0
-9.082041	-6.330797	NA11932	0
-8.9604025	-6.30082	NA11933	0
-8.401434	-6.0478177	NA11992	0
-7.4198117	-5.441503	NA11994	0
-8.506634	-6.0053163	NA11995	0
-8.27829	-5.8044925	NA12003	0
-8.415265	-6.0630507	NA12004	0
-8.514612	-6.017939	NA12005	0
-8.726783	-6.0409865	NA12006	0
-7.6180663	-5.569762	NA12043	0
-8.248404	-6.00258	NA12044	0
-8.781549	-6.2250543	NA12045	0
-8.797752	-6.1286683	NA12046	0
-8.530367	-6.092584	NA12058	0
-7.5230308	-5.5382276	NA12144	0
-7.5461864	-5.4576993	NA12154	0
-8.37034	-5.832433	NA12155	0
-8.571457	-6.210428	NA12156	0
-8.488744	-6.1417823	NA12234	0
-8.479996	-6.0359373	NA12249	0
-8.5422945	-6.0494013	NA12272	0
-7.852054	-5.804314	NA12273	0
-8.093375	-5.8550706	NA12275	0
-8.898075	-6.234392	NA12282	0
-8.687309	-6.152783	NA12283	0
-9.265014	-6.534698	NA12286	0
-8.995165	-6.2862067	NA12287	0
-8.802681	-6.3070393	NA12340	0
-8.452374	-6.0673337	NA12341	0
-8.860896	-6.2310853	NA12342	0
-7.969753	-5.7897334	NA12347	0
-9.233642	-6.4560046	NA12348	0
-7.918277	-5.7818265	NA12383	0
-9.193999	-6.443644	NA12399	0
-9.17359	-6.334442	NA12400	0
-8.454969	-6.0553865	NA12413	0
-8.519519	-5.9931173	NA12414	0
-8.696316	-6.065013	NA12489	0
-9.140749	-6.3407226	NA12546	0
-7.863934	-5.7306185	NA12716	0
-8.384616	-5.986012	NA12717	0
-9.060438	-6.441543	NA12718	0
-8.275549	-5.905834	NA12748	0
-8.032476	-5.817388	NA12749	0
-9.297983	-6.4845843	NA12750	0
-8.129576	-5.759972	NA12751	0
-8.459471	-6.118383	NA12760	0
-8.409054	-6.0674834	NA12761	0
-7.1507454	-5.4216847	NA12762	0
-8.009659	-5.68718	NA12763	0
-7.871692	-5.778665	NA12775	0
-8.890344	-6.316933	NA12776	0
-7.400465	-5.4426026	NA12777	0
-8.890825	-6.2958455	NA12778	0
-8.814465	-6.1506343	NA12812	0
-8.616061	-6.078805	NA12813	0
-7.3963327	-5.4693956	NA12814	0
-9.25226	-6.4612174	NA12815	0
-8.257015	-5.93145	NA12827	0
-7.941573	-5.789582	NA12828	0
-8.525573	-5.924598	NA12829	0
-9.127842	-6.3616576	NA12830	0
-7.6741877	-5.5578265	NA12842	0
-8.286392	-6.0059285	NA12843	0
-8.868198	-6.2517657	NA12872	0
-8.414455	-5.993699	NA12873	0
-8.622788	-6.016658	NA12874	0
-8.957655	-6.334851	NA12878	0
-8.520205	-5.9607863	NA12889	0
-8.147249	-5.744334	NA12890	0
-7.955137	-5.7372527	NA18486	0
-7.402705	-5.4092135	NA18488	0
-8.763078	-6.2664905	NA18489	0
-8.316161	-6.044885	NA18498	0
-7.8977365	-5.604915	NA18499	0
-8.468105	-6.1268687	NA18501	0
-6.632201	-4.995543	NA18502	0
-7.3706093	-5.593451	NA18504	0
-6.8777165	-5.343553	NA18505	0
-8.058796	-5.7244124	NA18507	0
-8.475775	-6.1310234	NA18508	0
-8.216761	-6.014113	NA18510	0
-8.387999	-6.0478024	NA18511	0
-7.4233027	-5.4671307	NA18516	0
-7.2544293	-5.5256505	NA18517	0
-8.276542	-5.9227624	NA18519	0
-7.900636	-5.9238267	NA18520	0
-7.6760807	-5.8204236	NA18522	0
-8.021723	-5.654595	NA18523	0
-8.764882	-6.1537304	NA18525	0
-8.531996	-6.0150743	NA18526	0
-8.355476	-5.985315	NA18528	0
-8.131397	-5.935488	NA18530	0
-8.535323	-6.055308	NA18531	0
-8.385639	-5.9897075	NA18532	0
-8.331543	-6.045674	NA18533	0
-8.399368	-6.002072	NA18534	0
-7.383765	-5.447182	NA18535	0
-8.387122	-6.0814633	NA18536	0
-8.037078	-5.7175546	NA18537	0
-8.512539	-6.073183	NA18538	0
-8.219971	-5.8727536	NA18539	0
-8.374855	-5.982725	NA18541	0
-7.929186	-5.8617816	NA18542	0
-8.4344	-6.0303373	NA18543	0
-8.313358	-6.024262	NA18544	0
-8.59979	-6.1247497	NA18545	0
-8.296792	-6.0005803	NA18546	0
-8.420466	-5.9676414	NA18547	0
-8.584672	-5.9731174	NA18548	0
-8.745888	-6.116502	NA18549	0
-8.534657	-6.108049	NA18550	0
-8.537033	-6.0655227	NA18552	0
-8.652636	-6.1396527	NA18553	0
-8.836925	-6.215451	NA18555	0
-8.470287	-6.06961	NA18557	0
-8.710384	-6.2846003	NA18558	0
-8.170464	-5.878569	NA18559	0
-8.560604	-6.050547	NA18560	0
-8.446212	-6.0753	NA18561	0
-8.47535	-5.817781	NA18562	0
-7.9742193	-5.8826947	NA18563	0
-8.142573	-5.890123	NA18564	0
-8.323499	-5.9584937	NA18565	0
-8.246243	-5.9180174	NA18566	0
-8.398411	-6.0116854	NA18567	0
-8.270732	-5.7825017	NA18570	0
-8.50457	-6.088174	NA18571	0
-7.7713966	-5.7054706	NA18572	0
-8.488949	-6.133801	NA18573	0
-8.3865185	-6.076229	NA18574	0
-8.604465	-6.0044274	NA18577	0
-8.300527	-5.9856534	NA18579	0
-8.141593	-5.9131417	NA18582	0
-7.851839	-5.591008	NA18591	0
-8.231468	-5.925954	NA18592	0
-8.009635	-5.918531	NA18593	0
-8.52807	-6.11233	NA18595	0
-8.44575	-5.984494	NA18596	0
-8.519686	-6.0427437	NA18597	0
-8.699759	-6.155003	NA18599	0
-8.675054	-6.1957545	NA18602	0
-7.7166348	-5.7514935	NA18603	0
-8.174382	-5.8189836	NA18605	0
-8.027844	-5.7063317	NA18606	0
-8.467722	-6.0596733	NA18608	0
-8.51075	-6.028587	NA18609	0
-8.717494	-6.178452	NA18610	0
-8.430658	-5.9134603	NA18611	0
-7.997118	-5.924518	NA18612	0
-7.9712873	-5.80975	NA18613	0
-8.777126	-6.173186	NA18614	0
-7.639798	-5.719724	NA18615	0
-8.397309	-6.0934944	NA18616	0
-8.582174	-5.889335	NA18617	0
-8.60507	-5.957041	NA18618	0
-8.455719	-6.016497	NA18619	0
-8.207869	-5.979593	NA18620	0
-8.323214	-5.9310107	NA18621	0
-8.334214	-5.9812655	NA18622	0
-8.3418455	-6.072132	NA18623	0
-8.101023	-5.8085837	NA18624	0
-8.435806	-5.92278	NA18625	0
-8.34189	-6.07377	NA18626	0
-8.486146	-5.987064	NA18627	0
-8.521776	-6.0857263	NA18628	0
-8.783387	-6.1759715	NA18629	0
-8.465711	-6.0644183	NA18630	0
-8.486146	-5.987064	NA18631	0
-8.64858	-6.177421	NA18632	0
-8.703293	-6.1975923	NA18633	0
-8.293166	-5.990088	NA18634	0
-8.764793	-6.1395736	NA18635	0
-7.9685354	-5.8785367	NA18636	0
-8.421413	-6.010143	NA18637	0
-8.568543	-6.0761037	NA18638	0
-8.48439	-6.034672	NA18639	0
-8.605818	-5.911586	NA18640	0
-8.766605	-6.16056	NA18641	0
-8.128115	-5.8770757	NA18642	0
-9.07404	-6.3118205	NA18643	0
-8.043123	-5.8955927	NA18644	0
-8.707144	-6.1428757	NA18645	0
-8.130845	-5.8698792	NA18646	0
-8.390085	-6.0342116	NA18647	0
-8.489481	-6.03188	NA18648	0
-8.325606	-6.0338745	NA18740	0
-8.187804	-5.9146013	NA18745	0
-8.660286	-6.135282	NA18747	0
-8.225595	-5.9129877	NA18748	0
-8.751168	-6.1863694	NA18749	0
-8.457752	-5.8715224	NA18757	0
-7.723961	-5.761455	NA18853	0
-7.984233	-5.6831393	NA18856	0
-7.5494223	-5.6842666	NA18858	0
-6.888693	-5.0521665	NA18861	0
-7.5938654	-5.4526973	NA18864	0
-7.605407	-5.621634	NA18865	0
-7.7577696	-5.818107	NA18867	0
-7.5470915	-5.6832733	NA18868	0
-8.202903	-6.0249863	NA18870	0
-8.53199	-6.174602	NA18871	0
-8.0829525	-6.1012836	NA18873	0
-7.9938755	-5.7397094	NA18874	0
-7.8098307	-5.863825	NA18876	0
-7.2029514	-5.4346747	NA18877	0
-7.8027325	-5.674294	NA18878	0
-7.150728	-5.4008822	NA18879	0
-8.426536	-6.061813	NA18881	0
-7.878027	-5.955361	NA18907	0
-8.038335	-5.9744096	NA18908	0
-6.8942947	-4.995998	NA18909	0
-7.4132614	-5.416577	NA18910	0
-7.391569	-5.6563535	NA18912	0
-7.691345	-5.4055915	NA18915	0
-7.558973	-5.738673	NA18916	0
-7.098745	-5.3018613	NA18917	0
-8.345483	-5.9043565	NA18923	0
-6.785968	-5.044229	NA18924	0
-7.917838	-5.9080014	NA18933	0
-7.205696	-5.121292	NA18934	0
-8.553088	-6.050594	NA18939	0
-8.658251	-6.1271844	NA18940	0
-8.482994	-5.9898534	NA18941	0
-8.35029	-5.954947	NA18942	0
-8.78257	-6.1256843	NA18943	0
-7.943692	-5.813829	NA18944	0
-8.773206	-6.1495786	NA18945	0
-8.650194	-5.9393435	NA18946	0
-8.370556	-6.0657315	NA18947	0
-8.814438	-6.217196	NA18948	0
-8.021269	-5.9226127	NA18949	0
-8.939133	-6.279056	NA18950	0
-8.651254	-6.138933	NA18951	0
-8.659155	-5.9604983	NA18952	0
-9.014936	-6.2875504	NA18953	0
-8.796038	-6.069328	NA18954	0
-8.24465	-5.859958	NA18956	0
-8.47743	-6.019445	NA18957	0
-8.55434	-5.9439864	NA18959	0
-8.533606	-6.1313806	NA18960	0
-8.49068	-6.0356593	NA18961	0
-8.707939	-6.10519	NA18962	0
-7.9408712	-5.8039174	NA18963	0
-8.204876	-5.9614224	NA18964	0
-8.725181	-6.142837	NA18965	0
-8.970148	-6.062076	NA18966	0
-8.800106	-6.1538596	NA18967	0
-8.288267	-5.9404836	NA18968	0
-8.036267	-5.8473144	NA18969	0
-8.524758	-5.93391	NA18970	0
-8.925399	-6.2322044	NA18971	0
-8.617556	-6.085468	NA18972	0
-8.638062	-6.1466827	NA18973	0
-8.517661	-6.091704	NA18974	0
-8.7563925	-6.143791	NA18975	0
-8.771188	-6.15577	NA18976	0
-8.361879	-6.006212	NA18977	0
-8.571597	-6.095576	NA18978	0
-8.723551	-6.127303	NA18979	0
-8.461283	-6.0180497	NA18980	0
-8.778543	-6.2087555	NA18981	0
-8.57099	-6.045659	NA18982	0
-8.723551	-6.127303	NA18983	0
-8.679162	-6.1559806	NA18984	0
-8.30254	-5.8530393	NA18985	0
-8.267784	-5.943596	NA18986	0
-8.378584	-5.9859443	NA18987	0
-8.430061	-5.96761	NA18988	0
-8.510532	-6.1165023	NA18989	0
-8.494723	-6.045997	NA18990	0
-8.410207	-6.010549	NA18991	0
-8.26016	-5.9366918	NA18992	0
-8.472584	-6.036512	NA18993	0
-8.663736	-6.1605096	NA18994	0
-8.349302	-5.965444	NA18995	0
-8.622587	-6.1416616	NA18997	0
-8.526274	-6.056974	NA18998	0
-8.450413	-6.00351	NA18999	0
-8.702736	-6.1389885	NA19000	0
-8.607119	-5.9076724	NA19001	0
-8.373628	-5.9657154	NA19002	0
-8.871315	-6.257949	NA19003	0
-8.088342	-5.8336673	NA19004	0
-8.158748	-5.8987107	NA19005	0
-8.318166	-5.96545	NA19006	0
-8.192493	-5.96045	NA19007	0
-8.71797	-6.144892	NA19009	0
-8.424499	-5.9973426	NA19010	0
-8.122789	-5.8828335	NA19011	0
-8.535593	-6.0603013	NA19012	0
-7.9513664	-6.0005646	NA19017	0
-7.9207983	-5.9868464	NA19019	0
-8.742309	-6.217258	NA19020	0
-7.968549	-5.9558077	NA19023	0
-8.568198	-6.117656	NA19024	0
-7.1511974	-5.3607817	NA19025	0
-6.868399	-5.198005	NA19026	0
-8.603026	-6.206719	NA19027	0
-7.9216843	-5.8259883	NA19028	0
-7.556208	-5.705109	NA19030	0
-7.933769	-5.6690984	NA19031	0
-8.204937	-5.9178567	NA19035	0
-7.222045	-5.3084445	NA19036	0
-8.886629	-6.2972293	NA19037	0
-7.6940956	-5.525319	NA19038	0
-7.2911315	-5.505937	NA19041	0
-8.523609	-6.004336	NA19042	0
-8.541285	-6.1457515	NA19043	0
-8.436497	-5.9683847	NA19054	0
-8.46768	-5.9725313	NA19055	0
-8.632097	-6.1087003	NA19056	0
-9.0231695	-6.264623	NA19057	0
-8.477394	-6.1055293	NA19058	0
-8.189429	-5.89937	NA19059	0
-8.58111	-5.8828244	NA19060	0
-8.821486	-6.173753	NA19062	0
-8.798118	-6.2213964	NA19063	0
-7.9482203	-5.8477287	NA19064	0
-8.589972	-6.1174364	NA19065	0
-8.701055	-6.1671205	NA19066	0
-8.78101	-6.199608	NA19067	0
-8.539207	-6.1032815	NA19068	0
-8.865365	-6.2778296	NA19070	0
-8.660167	-5.9784184	NA19072	0
-8.399876	-6.002358	NA19074	0
-8.35191	-5.9940944	NA19075	0
-8.746554	-6.0688186	NA19076	0
-8.479988	-6.124097	NA19077	0
-8.71862	-6.1692424	NA19078	0
-8.580108	-5.9610324	NA19079	0
-8.0619335	-5.8808284	NA19080	0
-8.42235	-6.0114646	NA19081	0
-8.307859	-6.0064425	NA19082	0
-8.518628	-6.131412	NA19083	0
-8.731722	-6.137365	NA19084	0
-8.511227	-6.0976305	NA19085	0
-8.2006235	-5.948407	NA19086	0
-8.683115	-6.124509	NA19087	0
-8.043657	-5.8451324	NA19088	0
-8.631573	-5.9048505	NA19089	0
-7.7786236	-5.762954	NA19090	0
-8.401979	-5.9722295	NA19091	0
-8.338634	-6.097811	NA19092	0
-7.969796	-5.8211465	NA19093	0
-7.750184	-5.5557647	NA19095	0
-7.456377	-5.383578	NA19096	0
-8.650784	-6.2088237	NA19098	0
-7.9008107	-5.6588793	NA19099	0
-7.499299	-5.66414	NA19102	0
-7.3825617	-5.594336	NA19107	0
-8.10761	-6.0408597	NA19108	0
-6.0079856	-4.536265	NA19113	0
-7.758271	-5.962087	NA19114	0
-7.4208	-5.551457	NA19116	0
-7.3843045	-5.3389983	NA19117	0
-8.243057	-5.9551806	NA19118	0
-5.555397	-4.2357216	NA19119	0
-8.270107	-5.978789	NA19121	0
-7.83866	-5.5929494	NA19129	0
-7.6668286	-5.378762	NA19130	0
-6.9360027	-5.1134768	NA19131	0
-7.3352547	-5.136943	NA19137	0
-7.1054397	-5.4288106	NA19138	0
-8.108463	-6.018809	NA19141	0
-8.069014	-5.6588426	NA19143	0
-8.721014	-6.328588	NA19144	0
-7.999362	-5.962024	NA19146	0
-7.360673	-5.53915	NA19147	0
-6.878478	-5.2927322	NA19149	0
-7.664419	-5.6916223	NA19152	0
-8.596212	-6.189341	NA19153	0
-8.5189495	-6.1096663	NA19159	0
-7.991131	-5.9147334	NA19160	0
-8.280544	-6.005858	NA19171	0
-7.9653745	-5.942056	NA19172	0
-8.139175	-5.9623594	NA19175	0
-8.44721	-6.2027497	NA19184	0
-6.381542	-4.90517	NA19185	0
-8.342629	-6.049628	NA19189	0
-8.429315	-6.0111136	NA19190	0
-7.3569655	-5.2412505	NA19197	0
-8.25919	-6.001242	NA19198	0
-8.64052	-6.1934032	NA19200	0
-7.398514	-5.535211	NA19201	0
-7.6793036	-5.6007752	NA19204	0
-8.061644	-5.6451635	NA19206	0
-7.3239136	-5.569692	NA19207	0
-7.6770573	-5.635329	NA19209	0
-6.8218126	-4.9612136	NA19210	0
-8.016834	-5.972544	NA19213	0
-8.829055	-6.3298593	NA19214	0
-8.112598	-5.7431073	NA19222	0
-8.12505	-5.887849	NA19223	0
-7.5446615	-5.442787	NA19225	0
-6.83058	-5.173346	NA19235	0
-7.9617662	-5.844833	NA19236	0
-7.4049807	-5.520077	NA19238	0
-8.02913	-5.9913077	NA19239	0
-7.209425	-5.339253	NA19247	0
-8.023126	-5.637653	NA19248	0
-7.6614	-5.4207854	NA19256	0
-7.602722	-5.673978	NA19257	0
-7.948496	-5.7804685	NA19307	0
-7.976618	-5.8185396	NA19308	0
-8.193842	-5.9193726	NA19309	0
-7.192915	-5.4023795	NA19310	0
-7.8483496	-5.826237	NA19312	0
-7.8797817	-5.870063	NA19314	0
-7.7290726	-5.705046	NA19315	0
-8.047266	-5.770226	NA19316	0
-6.9448233	-5.262905	NA19317	0
-7.572959	-5.6738896	NA19318	0
-5.138341	-4.0384326	NA19319	0
-8.097805	-5.891187	NA19320	0
-7.9862776	-5.7073064	NA19321	0
-7.8225727	-5.857143	NA19323	0
-8.059745	-5.920553	NA19324	0
-8.613874	-6.2066913	NA19327	0
-7.983929	-5.7901726	NA19328	0
-8.897572	-6.162786	NA19331	0
-7.3277073	-5.5428452	NA19332	0
-8.225578	-5.9456906	NA19334	0
-7.443817	-5.5946484	NA19338	0
-8.010744	-5.832292	NA19346	0
-8.472061	-6.1552014	NA19347	0
-7.2739096	-5.5180955	NA19350	0
-7.8394394	-5.660324	NA19351	0
-7.8298974	-5.462019	NA19355	0
-8.503983	-6.0353913	NA19360	0
-8.154575	-6.080545	NA19372	0
-8.232983	-5.872029	NA19374	0
-8.445362	-6.177031	NA19375	0
-8.679454	-6.2150645	NA19376	0
-8.772497	-6.279449	NA19377	0
-7.622893	-5.5142217	NA19378	0
-7.992338	-5.8300757	NA19379	0
-7.898325	-5.674028	NA19380	0
-7.931324	-5.683204	NA19383	0
-8.061836	-5.786899	NA19384	0
-8.285625	-6.03571	NA19385	0
-5.4113	-4.346729	NA19390	0
-8.6197405	-6.2336946	NA19391	0
-8.66762	-6.1760387	NA19393	0
-8.392656	-6.086015	NA19394	0
-8.565825	-6.0958877	NA19395	0
-8.212638	-6.050882	NA19397	0
-7.7104826	-5.6951423	NA19399	0
-8.166629	-6.028892	NA19401	0
-8.318611	-6.0260186	NA19403	0
-7.763221	-5.505452	NA19404	0
-6.896946	-4.991739	NA19428	0
-8.530034	-6.1275406	NA19429	0
-7.4458714	-5.634769	NA19430	0
-7.267482	-5.450751	NA19431	0
-7.660141	-5.3616757	NA19434	0
-7.4432826	-5.50853	NA19435	0
-7.924437	-5.810491	NA19436	0
-8.496483	-6.0782886	NA19437	0
-6.8711033	-5.119253	NA19438	0
-8.112703	-5.785751	NA19439	0
-8.050617	-5.9634004	NA19440	0
-8.526449	-6.185825	NA19443	0
-7.9468517	-5.849701	NA19445	0
-8.542571	-6.1964507	NA19446	0
-6.612039	-4.918959	NA19448	0
-8.419698	-5.8968387	NA19449	0
-8.15915	-5.687041	NA19451	0
-7.9502673	-5.671205	NA19452	0
-7.9491167	-5.70923	NA19454	0
-8.07317	-5.753785	NA19455	0
-8.060013	-5.918991	NA19456	0
-7.8525476	-5.8493924	NA19457	0
-7.0166407	-5.0995717	NA19461	0
-8.030558	-5.838804	NA19462	0
-9.183499	-6.498256	NA19463	0
-6.9344816	-4.9220877	NA19466	0
-6.1552706	-4.447512	NA19467	0
-8.007891	-5.688151	NA19468	0
-7.923418	-5.794637	NA19471	0
-8.00717	-5.7498775	NA19472	0
-8.110606	-5.957907	NA19473	0
-7.8322067	-5.781594	NA19474	0
-7.779167	-5.647591	NA19475	0
-7.3693066	-5.5672545	NA19625	0
-7.7492228	-5.6724286	NA19648	0
-7.6063457	-5.6322474	NA19649	0
-8.230638	-5.856833	NA19651	0
-8.73234	-6.0941763	NA19652	0
-8.509143	-5.9759355	NA19654	0
-7.732974	-5.692132	NA19655	0
-8.3547735	-5.830528	NA19657	0
-7.0567875	-5.1241403	NA19658	0
-8.6890545	-6.068348	NA19661	0
-7.8935575	-5.4656415	NA19663	0
-7.7709446	-5.694425	NA19664	0
-7.825184	-5.7035336	NA19669	0
-7.7368894	-5.5660233	NA19670	0
-8.695851	-6.1380944	NA19676	0
-8.895185	-6.261804	NA19678	0
-8.050068	-5.8545747	NA19679	0
-6.929801	-5.0792975	NA19681	0
-8.006164	-5.842788	NA19682	0
-8.933334	-6.289349	NA19684	0
-7.875685	-5.7084093	NA19700	0
-7.837178	-5.779914	NA19701	0
-7.8342247	-5.6171618	NA19703	0
-7.9774218	-5.931173	NA19704	0
-8.469135	-6.1398683	NA19707	0
-8.706968	-6.204593	NA19711	0
-7.86055	-5.7393785	NA19712	0
-8.596528	-6.169966	NA19713	0
-8.45986	-6.000394	NA19716	0
-8.795967	-6.2425437	NA19717	0
-6.9152846	-5.319394	NA19719	0
-8.622512	-6.0572	NA19720	0
-7.8795257	-5.724653	NA19722	0
-9.263659	-6.4639125	NA19723	0
-6.513029	-4.79849	NA19725	0
-8.934602	-6.2671704	NA19726	0
-8.212234	-5.9055843	NA19728	0
-7.77369	-5.5730605	NA19729	0
-8.594249	-6.0045896	NA19731	0
-8.527281	-6.005093	NA19732	0
-7.74826	-5.7260013	NA19734	0
-8.633674	-6.0661817	NA19735	0
-7.8918304	-5.5143285	NA19740	0
-7.9409466	-5.576269	NA19741	0
-7.8035307	-5.551908	NA19746	0
-7.913106	-5.495213	NA19747	0
-8.35447	-6.036238	NA19749	0
-7.8208203	-5.595642	NA19750	0
-8.894755	-6.2906604	NA19752	0
-6.8239374	-5.10418	NA19755	0
-8.301333	-5.8317666	NA19756	0
-8.562332	-6.029198	NA19758	0
-8.631847	-6.0567617	NA19759	0
-7.5626183	-5.5427737	NA19761	0
-8.541472	-6.099628	NA19762	0
-7.618067	-5.569762	NA19764	0
-7.997607	-5.5331206	NA19770	0
-7.9348617	-5.8416963	NA19771	0
-8.170301	-5.82215	NA19773	0
-7.918289	-5.7484927	NA19774	0
-8.259632	-5.796188	NA19776	0
-8.466935	-5.9210086	NA19777	0
-8.854992	-6.2421246	NA19779	0
-7.9569654	-5.662378	NA19780	0
-7.3760996	-5.443485	NA19782	0
-8.562169	-6.0443616	NA19783	0
-7.775887	-5.5860143	NA19785	0
-7.709678	-5.5085835	NA19786	0
-7.8996773	-5.483702	NA19788	0
-8.947657	-6.1591086	NA19789	0
-7.684435	-5.630545	NA19792	0
-8.666969	-6.099121	NA19794	0
-8.789036	-6.239656	NA19795	0
-7.2159605	-5.265572	NA19818	0
-7.5570087	-5.6843257	NA19819	0
-8.715182	-6.2673697	NA19834	0
-6.7945294	-5.0964923	NA19835	0
-7.514101	-5.6713924	NA19900	0
-7.933461	-5.801458	NA19901	0
-7.4472413	-5.63792	NA19904	0
-7.5916348	-5.5581355	NA19908	0
-8.352186	-5.9870987	NA19909	0
-8.010261	-5.8812714	NA19913	0
-7.761192	-5.6249404	NA19914	0
-8.538074	-6.320747	NA19916	0
-8.458974	-6.2141376	NA19917	0
-8.751038	-6.2232785	NA19920	0
-7.8817163	-5.7241035	NA19921	0
-8.34857	-5.947178	NA19922	0
-7.1908817	-5.379282	NA19923	0
-8.050248	-5.796642	NA19982	0
-8.092763	-5.7661357	NA19984	0
-7.33881	-5.4078536	NA20126	0
-8.179192	-5.825255	NA20127	0
-8.645714	-6.064611	NA20274	0
-7.7419114	-5.5786552	NA20276	0
-8.62956	-6.0489316	NA20278	0
-7.93802	-5.811498	NA20281	0
-8.328854	-5.8636675	NA20282	0
-7.887885	-5.9061704	NA20287	0
-8.289177	-6.0242953	NA20289	0
-8.74737	-6.2108564	NA20291	0
-7.4500036	-5.2845564	NA20294	0
-8.20174	-5.917114	NA20296	0
-7.3241816	-5.5382485	NA20298	0
-8.947153	-6.2489877	NA20299	0
-7.8490305	-5.493409	NA20314	0
-7.3101115	-5.4236465	NA20317	0
-7.298626	-5.4003105	NA20318	0
-8.21552	-5.985124	NA20320	0
-8.457773	-5.9993124	NA20321	0
-7.6415844	-5.6790485	NA20332	0
-9.177542	-6.595573	NA20334	0
-7.7317944	-5.7018585	NA20339	0
-7.9526186	-5.8426566	NA20340	0
-8.811322	-6.169277	NA20342	0
-8.263995	-6.0730214	NA20346	0
-7.5127306	-5.2839446	NA20348	0
-8.346441	-5.9221473	NA20351	0
-7.505117	-5.665038	NA20355	0
-7.892915	-5.676247	NA20356	0
-7.730184	-5.665749	NA20357	0
-8.1839	-5.913728	NA20359	0
-8.06363	-5.9364843	NA20362	0
-7.3514957	-5.4847684	NA20412	0
-7.3719206	-5.40013	NA20502	0
-8.475948	-6.099306	NA20503	0
-8.725575	-6.213941	NA20504	0
-8.68191	-6.254782	NA20505	0
-8.832487	-6.162176	NA20506	0
-6.1607385	-4.6629786	NA20507	0
-8.840075	-6.2161613	NA20508	0
-7.3602266	-5.437941	NA20509	0
-8.911205	-6.3416977	NA20510	0
-7.9074144	-5.6402164	NA20511	0
-8.120811	-5.858077	NA20512	0
-7.870672	-5.6377044	NA20513	0
-8.918362	-6.2429156	NA20514	0
-8.5827465	-6.0765195	NA20515	0
-9.106306	-6.336287	NA20516	0
-7.379393	-5.4212823	NA20517	0
-7.4530344	-5.445358	NA20518	0
-8.175362	-5.9663634	NA20519	0
-6.879734	-5.0685506	NA20520	0
-8.774771	-6.2551637	NA20521	0
-7.886142	-5.6498985	NA20522	0
-8.948317	-6.2827916	NA20524	0
-7.728119	-5.4953437	NA20525	0
-8.679508	-6.159936	NA20527	0
-8.485443	-6.062268	NA20528	0
-8.393031	-5.7978263	NA20529	0
-9.202984	-6.4736676	NA20530	0
-8.883716	-6.257299	NA20531	0
-8.904687	-6.24572	NA20532	0
-8.748531	-6.104444	NA20533	0
-8.919509	-6.2690854	NA20534	0
-7.7146134	-5.6904325	NA20535	0
-9.223082	-6.413738	NA20536	0
-8.6448345	-6.037904	NA20538	0
-6.1180267	-4.610221	NA20539	0
-8.51163	-6.0618253	NA20540	0
-7.5752163	-5.635693	NA20541	0
-9.03913	-6.3516774	NA20542	0
-8.662458	-6.0938044	NA20543	0
-8.943573	-6.2817817	NA20544	0
-7.527196	-5.556811	NA20581	0
-6.830998	-5.1120315	NA20582	0
-7.7692	-5.632652	NA20585	0
-7.306168	-5.494386	NA20586	0
-7.4379196	-5.438949	NA20587	0
-8.176962	-5.748195	NA20588	0
-8.747015	-6.113679	NA20589	0
-7.577829	-5.5936112	NA20752	0
-9.002266	-6.305747	NA20753	0
-8.076645	-5.9173775	NA20754	0
-8.089664	-5.832256	NA20755	0
-8.870524	-6.30701	NA20756	0
-7.7168636	-5.656694	NA20757	0
-8.66356	-6.0423503	NA20758	0
-8.438802	-6.0380216	NA20759	0
-7.6274557	-5.509107	NA20760	0
-8.718067	-6.135817	NA20761	0
-8.718563	-6.1971846	NA20762	0
-9.254239	-6.469054	NA20763	0
-7.886524	-5.649957	NA20764	0
-8.352168	-6.0564466	NA20765	0
-7.6535044	-5.650679	NA20766	0
-8.573906	-5.957963	NA20767	0
-8.03351	-5.7963963	NA20768	0
-8.506523	-6.0783367	NA20769	0
-8.169934	-5.8175063	NA20770	0
-8.210442	-5.8334427	NA20771	0
-8.639258	-6.138962	NA20772	0
-8.443444	-5.885738	NA20773	0
-8.28587	-5.725391	NA20774	0
-9.066886	-6.2995396	NA20775	0
-8.996253	-6.3251395	NA20778	0
-8.465802	-5.9955096	NA20783	0
-7.3239098	-5.4098086	NA20785	0
-7.214868	-5.3259883	NA20786	0
-8.044533	-5.8610625	NA20787	0
-8.6903515	-6.0815673	NA20790	0
-8.792053	-6.3364205	NA20792	0
-8.356315	-5.922874	NA20795	0
-7.887167	-5.707563	NA20796	0
-8.376296	-5.8795753	NA20797	0
-8.731416	-6.1659813	NA20798	0
-6.9851766	-5.067667	NA20799	0
-8.141409	-5.877232	NA20800	0
-8.452869	-6.0460725	NA20801	0
-8.004688	-5.5530252	NA20802	0
-9.090891	-6.3871155	NA20803	0
-7.9066286	-5.7124176	NA20804	0
-8.844689	-6.2538238	NA20805	0
-7.2463245	-5.4473567	NA20806	0
-7.4295273	-5.4242964	NA20807	0
-7.4087625	-5.4510503	NA20808	0
-8.374336	-5.934239	NA20809	0
-8.975632	-6.2850604	NA20810	0
-8.155417	-5.8980308	NA20811	0
-9.102553	-6.3940825	NA20812	0
-8.886453	-6.3385253	NA20813	0
-8.793032	-6.2294984	NA20814	0
-7.986742	-5.647509	NA20815	0
-8.723884	-6.1252675	NA20818	0
-8.2905445	-5.9355283	NA20819	0
-8.563931	-6.1146007	NA20821	0
-7.841097	-5.549212	NA20822	0
-8.910049	-6.2859783	NA20826	0
-6.889846	-5.1152215	NA20827	0
-8.335297	-5.982672	NA20828	0
-8.564649	-6.058085	NA20832	0
-8.208701	-5.8476605	NA20845	0
-9.253933	-6.45015	NA20846	0
-8.317008	-5.9521265	NA20847	0
-8.033987	-5.854054	NA20849	0
-8.546847	-6.021518	NA20850	0
-8.786686	-5.9843936	NA20851	0
-8.98498	-6.226001	NA20852	0
-8.184252	-5.892497	NA20853	0
-7.8728437	-5.544144	NA20854	0
-8.516645	-5.903877	NA20856	0
-8.6308975	-6.1567826	NA20858	0
-9.293254	-6.490366	NA20859	0
-8.464918	-6.0780005	NA20861	0
-8.1798525	-5.7941966	NA20862	0
-8.425358	-6.065475	NA20863	0
-8.07807	-5.848525	NA20864	0
-9.35478	-6.4944367	NA20866	0
-8.803612	-6.2085233	NA20867	0
-8.913356	-6.2656713	NA20868	0
-8.670181	-6.194355	NA20869	0
-9.130541	-6.3625884	NA20870	0
-9.351202	-6.5054536	NA20872	0
-8.428305	-6.126472	NA20874	0
-8.880595	-6.1455703	NA20875	0
-8.572472	-6.0384603	NA20876	0
-7.523061	-5.3367944	NA20877	0
-9.1247635	-6.2935014	NA20878	0
-8.3932705	-5.9659953	NA20881	0
-8.240591	-5.7774587	NA20882	0
-8.74246	-6.1727853	NA20884	0
-8.786445	-6.227921	NA20885	0
-8.607671	-5.8937373	NA20886	0
-7.3057423	-5.357307	NA20887	0
-8.379893	-5.9864283	NA20888	0
-8.7561245	-6.0373206	NA20889	0
-7.8190536	-5.713267	NA20890	0
-8.505646	-6.035584	NA20891	0
-8.871784	-6.136372	NA20892	0
-8.869357	-6.3075953	NA20894	0
-8.594556	-6.092305	NA20895	0
-8.523773	-6.0354614	NA20896	0
-8.95572	-6.2482533	NA20897	0
-9.115528	-6.4315243	NA20899	0
-7.997306	-5.606769	NA20900	0
-8.657348	-6.079991	NA20901	0
-9.23669	-6.481405	NA20902	0
-8.553379	-6.0621295	NA20903	0
-8.466655	-5.9029164	NA20904	0
-8.792446	-6.162452	NA20905	0
-8.636007	-6.1315904	NA20906	0
-8.418416	-5.9682193	NA20908	0
-7.9993305	-5.70598	NA20910	0
-8.859729	-6.2091374	NA20911	0
-8.607076	-6.043178	NA21086	0
-8.848471	-6.261324	NA21087	0
-7.914192	-5.6597114	NA21088	0
-8.989775	-6.200952	NA21089	0
-9.138051	-6.4148326	NA21090	0
-8.89256	-6.072473	NA21091	0
-8.517534	-6.0479307	NA21092	0
-8.6896305	-5.988915	NA21093	0
-8.953524	-6.2773013	NA21094	0
-8.941196	-6.172608	NA21095	0
-8.026576	-5.7531095	NA21097	0
-8.510096	-5.9899783	NA21098	0
-9.103085	-6.3641114	NA21099	0
-8.776746	-6.247972	NA21100	0
-8.6050625	-6.0332413	NA21101	0
-8.6368475	-6.041509	NA21102	0
-8.456659	-5.9116874	NA21103	0
-8.672529	-5.935929	NA21104	0
-8.696666	-6.0772624	NA21105	0
-8.811663	-6.185265	NA21106	0
-8.402277	-6.046517	NA21107	0
-9.1440525	-6.4430757	NA21108	0
-9.1374035	-6.2903066	NA21109	0
-8.165809	-6.0156064	NA21110	0
-8.813608	-6.202822	NA21111	0
-8.987223	-6.2703156	NA21112	0
-9.256303	-6.4622903	NA21113	0
-8.435238	-5.914776	NA21114	0
-8.333776	-6.000403	NA21115	0
-9.399551	-6.546347	NA21116	0
-8.825699	-6.0396047	NA21117	0
-8.333214	-5.959701	NA21118	0
-8.045818	-5.7548404	NA21119	0
-8.469393	-6.008226	NA21120	0
-8.429353	-6.117101	NA21122	0
-8.622512	-6.0572	NA21123	0
-8.1955805	-5.771601	NA21124	0
-8.558071	-5.948433	NA21125	0
-7.808279	-5.710584	NA21126	0
-8.803712	-6.1576476	NA21127	0
-8.750465	-6.1671433	NA21128	0
-7.977034	-5.8538656	NA21129	0
-8.742655	-6.084263	NA21130	0
-9.168158	-6.2876096	NA21133	0
-9.1183605	-6.3754826	NA21135	0
-9.207358	-6.4677987	NA21137	0
-7.42669	-5.172058	NA21141	0
-8.70461	-6.1768346	NA21142	0
-7.973372	-5.868206	NA21143	0
-8.631648	-5.9948697	NA21144	0
